# Maximal transitive subgroups of the transitive groups of degree 12 (tables/transitive-12.txt),
# up to conjugacy in the group (for Alt(n) each class may be listed twice).  Per line:
# k ; j:y ...  meaning (nTj)^y = y^-1 (nTj) y <= nTk, y as images of 1..n
# (computed by examples/write_lattice.rs, src/embed.rs)
1 ; 
2 ; 
3 ; 
4 ; 
5 ; 
6 ; 4:1,7,9,6,12,3,2,8,4,11,5,10
7 ; 
8 ; 4:1,2,12,11,6,5,7,8,10,9,4,3
9 ; 
10 ; 2:1,8,11,10,12,9,2,7,4,5,3,6 3:1,7,6,4,3,5,11,9,8,2,10,12 3:1,8,5,4,3,6,11,10,7,2,9,12 3:1,2,6,5,3,4,11,12,8,7,10,9
11 ; 1:1,2,4,3,5,6,8,7,9,10,12,11 5:1,2,8,7,10,9,6,5,12,11,3,4
12 ; 1:1,2,4,3,5,6,8,7,9,10,12,11 3:1,2,3,4,6,5,10,9,12,11,8,7
13 ; 2:1,8,11,10,12,9,2,7,4,5,3,6 5:1,2,10,9,11,12,3,4,8,7,6,5
14 ; 1:1,2,4,3,6,5,9,10,8,7,11,12 2:1,12,5,4,6,3,2,11,8,9,7,10
15 ; 3:1,2,11,12,8,7,5,6,9,10,3,4 5:1,2,11,12,5,6,8,7,3,4,9,10
16 ; 3:1,6,3,11,4,12,9,7,2,5,10,8 3:1,8,3,12,9,5,4,11,10,6,2,7
17 ; 
18 ; 2:1,12,3,8,4,7,2,11,10,5,9,6 3:1,2,6,5,9,10,3,4,8,7,12,11
19 ; 1:1,2,5,6,10,9,12,11,4,3,8,7 5:1,2,6,5,9,10,3,4,12,11,8,7
20 ; 2:1,6,2,4,11,9,10,7,12,8,3,5 4:1,6,11,4,3,12,10,7,5,8,2,9 4:1,6,12,5,2,11,10,7,4,9,3,8
21 ; 9:1,2,3,4,11,12,9,10,7,8,5,6 9:1,2,4,3,12,11,9,10,7,8,6,5 3:1,2,5,6,8,7,10,9,4,3,12,11
22 ; 6:5,6,12,11,2,1,9,10,8,7,3,4 8:9,10,11,12,8,7,5,6,2,1,4,3 8:5,6,3,4,1,2,9,10,7,8,12,11
23 ; 7:5,6,11,12,1,2,9,10,7,8,3,4 9:1,7,8,2,10,6,9,5,11,3,4,12
24 ; 7:5,6,11,12,1,2,9,10,7,8,3,4 9:5,9,6,10,4,12,11,3,7,1,8,2 3:1,2,11,12,3,4,5,6,7,8,9,10
25 ; 7:5,8,3,2,12,10,6,7,11,9,4,1 7:5,7,3,1,12,9,6,8,11,10,4,2 2:1,4,10,12,11,9,3,2,6,7,8,5
26 ; 6:7,8,5,6,4,3,12,11,1,2,9,10 6:5,10,1,3,11,8,9,6,12,7,2,4 6:1,4,8,12,9,5,2,3,6,10,11,7 2:1,3,12,7,8,11,4,2,6,9,10,5
27 ; 6:5,6,12,11,2,1,9,10,8,7,3,4 5:1,2,4,3,11,12,9,10,7,8,6,5
28 ; 10:7,8,1,2,12,11,10,9,4,3,5,6 11:1,2,3,4,6,5,10,9,8,7,12,11 12:3,4,7,8,10,9,2,1,12,11,6,5 13:9,10,3,4,6,5,8,7,2,1,11,12 14:1,2,9,10,7,8,5,6,3,4,11,12 15:1,2,10,9,7,8,6,5,12,11,4,3
29 ; 1:1,2,11,12,5,6,9,10,8,7,3,4
30 ; 5:1,2,5,6,9,10,8,7,11,12,4,3
31 ; 
32 ; 4:1,2,10,9,6,5,3,4,8,7,12,11 4:1,2,9,10,6,5,4,3,7,8,12,11
33 ; 4:1,7,6,9,12,4,2,8,3,11,10,5
34 ; 
35 ; 16:5,12,7,11,10,4,1,3,8,6,2,9 17:1,3,2,9,8,6,12,5,4,10,11,7
36 ; 16:5,12,7,11,2,4,9,3,8,6,10,1 17:1,3,2,9,8,6,12,5,4,10,11,7
37 ; 16:1,2,4,3,8,7,11,12,9,10,6,5 16:1,2,4,3,7,8,12,11,9,10,5,6 18:1,2,3,4,8,7,12,11,9,10,6,5 18:1,2,3,4,12,11,8,7,9,10,6,5 10:3,4,9,10,6,5,8,7,12,11,1,2 10:1,5,3,7,8,4,6,2,12,10,9,11
38 ; 18:1,2,3,4,8,7,12,11,9,10,6,5 19:1,2,3,4,11,12,5,6,9,10,7,8 12:11,12,9,10,8,7,4,3,6,5,2,1 13:11,12,5,6,10,9,2,1,4,3,7,8
39 ; 19:1,2,3,4,8,7,12,11,9,10,6,5 19:1,2,3,4,12,11,8,7,9,10,6,5 11:1,2,11,12,4,3,8,7,10,9,6,5 11:1,2,7,8,4,3,12,11,10,9,6,5
40 ; 
41 ; 17:5,8,12,7,10,3,9,2,11,6,4,1 17:5,8,12,7,9,4,10,1,11,6,3,2
42 ; 18:3,4,9,10,5,6,7,8,12,11,1,2 19:3,4,9,10,6,5,2,1,12,11,8,7 14:1,2,4,3,7,8,5,6,10,9,11,12 15:1,2,9,10,7,8,6,5,12,11,3,4
43 ; 20:7,8,9,12,11,10,4,5,6,1,3,2 10:3,12,2,11,5,9,6,8,4,7,1,10
44 ; 20:7,9,8,11,12,10,6,5,4,1,2,3 8:2,11,3,8,7,10,4,9,6,1,5,12 8:3,12,2,9,7,10,5,8,6,1,4,11 13:8,12,9,11,4,2,5,3,6,1,7,10
45 ; 20:7,9,8,11,12,10,6,5,4,1,2,3 14:1,6,8,12,3,5,2,4,9,11,7,10
46 ; 
47 ; 
48 ; 21:5,6,8,7,2,1,3,4,11,12,10,9 23:1,3,10,11,8,6,2,4,7,5,9,12 23:1,4,10,12,8,5,2,3,7,6,9,11 24:5,7,12,9,4,2,6,8,3,1,11,10 24:5,8,12,10,4,1,6,7,3,2,11,9 25:9,10,11,12,6,5,7,8,2,1,4,3 10:9,12,7,5,6,8,11,10,3,1,2,4
49 ; 22:7,8,3,4,6,5,11,12,9,10,1,2 26:7,8,11,12,9,10,2,1,6,5,4,3 27:11,12,2,1,10,9,7,8,5,6,4,3 13:7,8,2,1,3,4,11,12,10,9,6,5
50 ; 21:7,8,12,11,3,4,1,2,10,9,5,6 30:5,6,10,9,2,1,3,4,11,12,8,7 15:1,2,3,4,9,10,7,8,11,12,5,6
51 ; 25:7,8,12,11,2,1,3,4,9,10,5,6 29:7,8,12,11,4,3,10,9,5,6,1,2 14:3,4,11,12,7,8,10,9,6,5,1,2
52 ; 25:5,6,8,7,2,1,3,4,11,12,10,9 30:1,2,3,4,12,11,9,10,7,8,6,5 13:3,4,5,6,8,7,2,1,9,10,11,12
53 ; 29:5,6,12,11,2,1,7,8,10,9,3,4 30:1,2,4,3,10,9,7,8,5,6,11,12 11:5,6,9,10,8,7,3,4,1,2,12,11
54 ; 21:7,8,9,10,12,11,6,5,2,1,3,4 29:5,6,12,11,2,1,7,8,10,9,3,4 12:3,4,7,8,9,10,6,5,11,12,1,2
55 ; 31:7,8,9,10,6,5,3,4,12,11,2,1
56 ; 32:9,11,10,12,7,6,5,8,3,2,1,4 6:1,2,10,9,7,8,4,3,5,6,11,12 6:9,10,7,8,1,2,12,11,4,3,6,5 7:1,2,11,12,8,7,3,4,6,5,10,9 7:5,6,1,2,12,11,8,7,10,9,4,3
57 ; 
58 ; 7:1,8,9,11,6,3,2,7,5,4,10,12
59 ; 32:5,6,11,12,8,7,10,9,1,2,3,4
60 ; 31:1,2,4,3,7,8,11,12,5,6,9,10 7:1,3,5,7,9,11,2,4,10,12,6,8
61 ; 31:7,8,10,9,5,6,4,3,11,12,1,2
62 ; 31:1,2,3,4,7,8,10,9,11,12,5,6
63 ; 31:1,2,3,4,7,8,10,9,11,12,5,6
64 ; 31:1,2,3,4,7,8,10,9,11,12,5,6
65 ; 31:1,2,3,4,7,8,10,9,11,12,5,6 9:7,8,12,11,10,9,6,5,1,2,4,3
66 ; 32:9,12,10,11,7,6,5,8,1,3,4,2 8:1,2,9,10,5,6,4,3,8,7,12,11 8:1,2,10,9,6,5,3,4,8,7,12,11
67 ; 32:9,12,10,11,7,6,5,8,1,3,4,2
68 ; 32:9,12,10,11,7,6,5,8,1,3,4,2 9:1,4,2,3,11,9,10,12,8,6,7,5 9:9,10,11,12,5,6,8,7,4,3,1,2
69 ; 9:5,6,8,7,12,11,1,2,10,9,4,3 9:7,8,10,9,6,5,12,11,3,4,2,1 9:1,2,7,8,11,12,9,10,5,6,3,4
70 ; 16:7,12,11,8,1,5,4,3,9,10,2,6 18:1,12,2,11,4,9,5,7,3,10,6,8 18:1,7,2,9,5,12,6,10,3,8,4,11
71 ; 16:7,12,11,8,2,5,6,3,9,10,1,4 16:1,10,11,3,8,6,5,7,2,12,9,4 16:4,11,12,5,9,1,2,8,6,10,7,3
72 ; 17:7,11,12,9,6,3,2,5,8,10,4,1 5:1,6,7,11,3,4,2,5,9,10,8,12
73 ; 17:1,6,4,2,7,12,11,8,3,5,9,10 1:1,6,9,11,5,2,10,8,4,3,12,7
74 ; 9:1,6,2,5,8,12,11,7,4,9,3,10
75 ; 7:3,4,10,9,8,7,5,6,2,1,12,11
76 ; 33:3,4,6,5,11,12,9,10,1,2,7,8 6:1,2,4,3,10,9,7,8,6,5,11,12
77 ; 34:11,12,8,7,9,10,2,1,5,6,3,4 34:11,12,8,7,10,9,1,2,5,6,4,3 37:3,4,9,10,12,11,6,5,1,2,8,7 40:1,2,9,10,7,8,5,6,3,4,11,12
78 ; 35:1,10,3,9,6,11,5,8,4,2,12,7 35:1,10,3,9,5,12,6,7,4,2,11,8 36:7,8,6,5,3,4,1,2,11,12,10,9 36:7,8,6,5,4,3,2,1,11,12,9,10 37:3,4,10,9,12,11,6,5,2,1,8,7 41:3,4,2,1,12,11,8,7,10,9,6,5
79 ; 39:9,10,1,2,8,7,12,11,3,4,6,5 41:1,2,9,10,8,7,12,11,3,4,6,5
80 ; 39:9,10,1,2,8,7,12,11,4,3,6,5 40:3,4,2,1,11,12,5,6,10,9,7,8
81 ; 37:9,10,12,11,8,7,2,1,3,4,6,5 38:5,6,1,2,3,4,9,10,7,8,12,11 38:1,2,7,8,12,11,9,10,5,6,3,4 39:7,8,1,2,11,12,10,9,5,6,4,3 42:1,2,12,11,7,8,5,6,9,10,4,3 42:3,4,5,6,9,10,12,11,1,2,8,7 28:3,4,8,7,9,10,12,11,6,5,2,1 28:9,10,8,7,3,4,12,11,6,5,2,1
82 ; 40:3,4,12,11,5,6,7,8,9,10,1,2 41:3,4,12,11,2,1,6,5,9,10,8,7
83 ; 43:12,10,11,8,7,9,6,5,4,3,1,2 44:1,2,3,9,8,7,4,6,5,10,11,12 45:4,6,5,12,11,10,7,9,8,1,3,2 28:8,12,2,5,9,11,7,10,1,4,3,6
84 ; 46:4,6,5,1,3,2,9,7,8,12,11,10 47:2,3,1,6,5,4,10,11,12,8,9,7
85 ; 26:5,8,7,6,3,2,10,9,1,4,11,12 26:1,2,3,4,7,8,10,9,5,6,11,12 32:5,7,6,8,1,3,2,4,12,11,9,10 20:2,9,6,11,8,1,4,5,12,3,10,7 20:4,8,9,5,11,2,1,12,6,3,7,10
86 ; 48:5,6,10,9,4,3,1,2,11,12,7,8 50:1,2,4,3,9,10,12,11,6,5,8,7 51:7,8,12,11,10,9,1,2,5,6,4,3 52:1,2,3,4,7,8,11,12,6,5,9,10 53:5,6,9,10,1,2,11,12,7,8,3,4 54:3,4,1,2,9,10,7,8,11,12,5,6 28:7,8,5,6,10,9,3,4,2,1,12,11
87 ; 58:11,12,7,8,1,2,9,10,3,4,5,6 58:11,12,8,7,1,2,10,9,3,4,6,5 25:3,4,6,5,8,7,1,2,11,12,9,10
88 ; 56:5,6,10,9,7,8,11,12,1,2,3,4 59:3,4,1,2,5,6,7,8,12,11,10,9 59:1,2,3,4,9,10,12,11,7,8,6,5
89 ; 55:9,10,12,11,8,7,3,4,1,2,5,6 60:9,10,12,11,1,2,4,3,8,7,5,6 60:11,12,9,10,3,4,1,2,6,5,8,7 25:1,2,4,3,12,11,9,10,7,8,5,6
90 ; 56:1,4,2,3,7,6,8,5,11,10,9,12 56:1,3,2,4,10,12,9,11,8,6,5,7 56:5,6,7,8,11,12,9,10,2,1,3,4 25:9,10,12,11,6,5,7,8,1,2,3,4 25:5,8,6,7,4,1,3,2,11,10,9,12 25:1,3,2,4,10,12,9,11,7,5,6,8 26:1,3,2,4,10,12,8,6,11,9,5,7 26:9,11,12,10,6,8,4,2,5,7,3,1
91 ; 57:5,6,7,8,10,9,12,11,1,2,4,3 25:9,10,12,11,7,8,5,6,2,1,4,3
92 ; 55:1,2,4,3,10,9,12,11,7,8,5,6 61:11,12,7,8,5,6,1,2,4,3,10,9 61:7,8,12,11,10,9,3,4,1,2,6,5
93 ; 57:1,2,4,3,5,6,9,10,11,12,8,7
94 ; 55:5,6,12,11,2,1,10,9,8,7,3,4 29:5,6,12,11,2,1,7,8,10,9,3,4
95 ; 55:1,2,3,4,8,7,11,12,6,5,10,9 62:1,2,3,4,8,7,5,6,10,9,11,12 63:5,6,12,11,2,1,7,8,3,4,10,9
96 ; 55:1,2,3,4,8,7,11,12,6,5,10,9 64:1,2,4,3,8,7,5,6,9,10,12,11 64:3,4,1,2,10,9,11,12,8,7,5,6
97 ; 55:1,2,3,4,8,7,11,12,6,5,10,9 65:9,10,8,7,11,12,1,2,6,5,3,4 65:7,8,9,10,5,6,4,3,11,12,1,2 21:5,6,12,11,2,1,4,3,10,9,7,8
98 ; 55:1,2,3,4,8,7,11,12,6,5,10,9 30:5,6,11,12,1,2,4,3,10,9,8,7
99 ; 56:1,2,4,3,10,9,7,8,12,11,6,5 29:5,6,12,11,2,1,7,8,10,9,3,4
100 ; 56:9,10,12,11,5,6,7,8,4,3,1,2 66:5,6,8,7,11,12,10,9,2,1,4,3 66:7,8,6,5,10,9,11,12,4,3,2,1 22:11,12,1,2,6,5,10,9,7,8,4,3 22:3,4,10,9,6,5,1,2,7,8,12,11
101 ; 56:9,10,12,11,5,6,7,8,4,3,1,2 67:5,7,6,8,12,9,10,11,3,1,2,4 68:5,8,6,7,4,1,2,3,11,9,10,12 23:9,10,6,5,3,4,11,12,2,1,7,8 23:9,10,1,2,7,8,12,11,5,6,3,4
102 ; 56:9,10,12,11,5,6,7,8,4,3,1,2 27:9,10,4,3,5,6,12,11,8,7,1,2 27:11,12,1,2,7,8,9,10,5,6,3,4 30:1,2,3,4,11,12,10,9,8,7,5,6
103 ; 56:9,10,12,11,5,6,7,8,4,3,1,2 68:9,10,11,12,7,8,5,6,3,4,1,2 68:5,8,7,6,4,1,3,2,9,11,10,12 21:5,6,7,8,3,4,1,2,9,10,11,12 24:9,10,1,2,8,7,11,12,5,6,4,3 24:9,10,2,1,7,8,12,11,5,6,4,3
104 ; 57:3,4,1,2,7,8,6,5,10,9,12,11 29:9,10,11,12,8,7,2,1,3,4,5,6
105 ; 29:9,10,12,11,5,6,7,8,1,2,3,4
106 ; 69:3,4,2,1,12,11,7,8,10,9,5,6 69:3,4,1,2,12,11,8,7,10,9,6,5 21:1,2,11,12,4,3,8,7,6,5,9,10 21:3,4,5,6,2,1,9,10,12,11,8,7 21:7,8,9,10,11,12,6,5,2,1,4,3
107 ; 30:1,2,3,4,9,10,7,8,5,6,12,11 30:1,2,11,12,10,9,6,5,7,8,3,4 30:7,8,11,12,9,10,2,1,6,5,4,3
108 ; 58:11,12,6,5,4,3,9,10,8,7,1,2 69:5,6,12,11,10,9,4,3,1,2,8,7 24:1,8,10,11,6,3,2,7,5,4,9,12
109 ; 58:11,12,5,6,7,8,1,2,4,3,10,9 69:5,6,12,11,10,9,4,3,1,2,8,7 23:5,7,9,3,1,11,6,8,2,12,10,4
110 ; 59:3,4,1,2,9,10,5,6,12,11,8,7 66:1,2,3,4,8,7,9,10,12,11,6,5 67:7,10,8,9,6,12,11,5,2,3,4,1
111 ; 59:3,4,1,2,9,10,5,6,12,11,8,7 66:7,8,9,10,6,5,12,11,2,1,3,4 68:1,4,2,3,6,12,11,5,8,9,10,7
112 ; 60:3,4,2,1,11,12,10,9,6,5,8,7 63:9,10,11,12,1,2,7,8,3,4,6,5 65:3,4,1,2,12,11,6,5,10,9,7,8 24:1,3,9,11,6,8,2,4,5,7,10,12
113 ; 60:3,4,2,1,11,12,10,9,6,5,8,7 62:1,2,3,4,7,8,10,9,6,5,12,11 65:11,12,10,9,3,4,6,5,2,1,8,7 23:9,11,5,7,2,4,10,12,1,3,6,8
114 ; 61:3,4,1,2,9,10,6,5,12,11,8,7 62:5,6,11,12,2,1,8,7,4,3,9,10 64:3,4,1,2,10,9,11,12,7,8,5,6
115 ; 61:3,4,1,2,9,10,6,5,12,11,8,7 63:1,2,4,3,7,8,5,6,9,10,12,11 64:1,2,3,4,7,8,5,6,10,9,11,12
116 ; 71:1,3,2,6,5,4,8,7,9,10,12,11 72:4,5,6,1,2,3,11,10,12,7,9,8 35:1,4,6,3,12,9,8,10,2,5,11,7 15:1,6,10,7,2,5,4,3,11,8,12,9
117 ; 70:1,3,2,5,4,6,12,11,10,7,9,8 70:10,11,12,4,5,6,1,2,3,9,7,8 70:1,2,3,12,11,10,8,9,7,5,4,6 71:1,2,3,7,9,8,5,4,6,10,11,12 37:2,10,1,11,4,9,6,8,3,12,5,7 37:2,8,3,7,10,6,11,4,1,9,12,5 37:3,6,2,5,8,12,7,10,1,4,9,11
118 ; 71:1,3,2,6,5,4,11,10,12,7,9,8 73:7,9,8,10,11,12,2,1,3,5,6,4 36:2,4,5,3,9,10,12,7,1,6,8,11 12:8,11,1,5,12,9,6,3,10,7,4,2
119 ; 72:10,12,11,1,2,3,7,9,8,4,5,6 73:10,12,11,2,3,1,9,8,7,4,5,6 41:3,11,1,10,6,9,5,8,2,12,4,7 11:3,10,8,6,11,1,4,7,12,2,5,9
120 ; 70:1,3,2,6,5,4,12,11,10,8,7,9 72:4,5,6,2,3,1,11,10,12,9,8,7 36:3,5,4,2,8,11,10,9,1,6,7,12 13:3,5,1,4,10,7,11,8,12,9,2,6
121 ; 70:10,12,11,7,8,9,1,3,2,5,6,4 73:1,3,2,5,4,6,11,10,12,8,7,9 35:1,6,5,3,7,10,11,9,2,4,8,12 14:7,12,1,6,9,11,8,10,2,5,3,4
122 ; 47:3,2,1,7,9,8,5,4,6,12,10,11
123 ; 74:5,6,4,3,7,8,10,9,12,11,2,1 75:11,12,5,6,2,1,7,8,9,10,4,3 24:5,6,12,11,8,7,10,9,3,4,2,1 10:1,7,11,4,12,3,2,8,10,5,9,6
124 ; 76:11,12,2,1,9,10,6,5,7,8,3,4 27:7,8,10,9,12,11,2,1,4,3,5,6 11:3,4,8,7,6,5,1,2,10,9,11,12
125 ; 77:11,12,10,9,7,8,1,2,4,3,5,6 78:9,10,4,3,7,8,1,2,12,11,5,6 79:11,12,4,3,6,5,8,7,10,9,2,1 80:11,12,9,10,2,1,8,7,4,3,6,5 81:5,6,4,3,1,2,7,8,10,9,12,11 82:9,10,7,8,3,4,12,11,1,2,6,5
126 ; 58:11,12,9,10,3,4,5,6,7,8,1,2 69:7,8,2,1,11,12,5,6,4,3,9,10
127 ; 85:10,12,11,9,6,8,7,5,3,4,1,2 49:10,11,9,12,5,6,3,1,7,8,4,2 49:9,12,10,11,2,3,8,6,4,1,5,7 66:10,11,12,9,1,2,3,4,6,7,8,5 44:11,6,3,8,2,10,12,4,5,9,7,1 44:10,7,3,8,1,11,12,4,5,9,6,2
128 ; 85:12,10,11,9,6,7,8,5,2,4,1,3 67:5,6,8,7,10,12,9,11,1,4,3,2
129 ; 85:10,12,11,9,6,8,7,5,3,4,1,2 59:6,7,8,5,9,12,1,2,3,4,11,10
130 ; 70:7,8,9,5,6,4,12,11,10,3,2,1 70:7,8,9,3,2,1,12,11,10,5,6,4 70:10,11,12,8,7,9,3,2,1,5,6,4 71:4,5,6,1,2,3,8,7,9,10,12,11
131 ; 72:4,5,6,1,2,3,11,10,12,7,9,8 73:4,5,6,3,1,2,8,9,7,11,12,10 19:7,11,8,12,3,5,1,4,9,10,2,6
132 ; 71:4,5,6,1,2,3,8,7,9,10,12,11 4:1,12,6,2,9,3,7,4,5,11,10,8
133 ; 71:4,5,6,1,2,3,8,7,9,10,12,11
134 ; 87:5,6,1,2,3,4,10,9,8,7,11,12 105:5,6,1,2,4,3,9,10,8,7,11,12 51:7,8,12,11,10,9,1,2,5,6,4,3
135 ; 106:5,6,12,11,7,8,1,2,3,4,10,9 107:7,8,12,11,6,5,1,2,10,9,4,3 50:11,12,6,5,2,1,9,10,3,4,8,7 50:9,10,1,2,6,5,11,12,3,4,8,7 50:11,12,2,1,7,8,9,10,4,3,5,6
136 ; 87:11,12,1,2,7,8,10,9,6,5,3,4 106:3,4,8,7,2,1,12,11,5,6,9,10 108:5,6,1,2,8,7,3,4,9,10,12,11 108:5,6,2,1,8,7,4,3,9,10,11,12 109:11,12,8,7,3,4,6,5,2,1,9,10 109:11,12,7,8,3,4,5,6,2,1,10,9 48:3,4,6,5,7,8,2,1,11,12,9,10
137 ; 88:11,12,8,7,1,2,9,10,3,4,6,5 100:3,4,1,2,9,10,5,6,7,8,11,12 101:5,6,9,10,8,7,11,12,2,1,3,4 110:5,6,9,10,3,4,8,7,11,12,2,1 110:9,10,5,6,1,2,11,12,8,7,4,3 111:11,12,7,8,5,6,2,1,3,4,9,10 111:7,8,11,12,10,9,3,4,2,1,6,5
138 ; 89:9,10,12,11,3,4,2,1,6,5,8,7 95:1,2,4,3,10,9,6,5,8,7,11,12 97:7,8,5,6,4,3,9,10,11,12,1,2 112:11,12,10,9,8,7,6,5,1,2,3,4 112:9,10,11,12,5,6,8,7,4,3,1,2 113:1,2,4,3,12,11,10,9,7,8,6,5 113:3,4,1,2,9,10,12,11,5,6,7,8 48:5,6,8,7,1,2,4,3,11,12,9,10
139 ; 90:5,6,7,8,9,10,11,12,1,2,3,4 101:9,11,10,12,8,6,7,5,4,2,1,3 101:1,4,3,2,11,10,9,12,8,5,7,6 101:9,10,11,12,7,8,5,6,1,2,4,3 103:5,7,6,8,4,2,3,1,10,12,11,9 103:9,12,11,10,5,8,7,6,2,3,1,4 103:5,6,7,8,2,1,4,3,12,11,9,10 48:5,8,7,6,3,2,1,4,9,12,10,11 48:9,10,11,12,8,7,6,5,4,3,1,2 48:9,11,10,12,3,1,4,2,6,8,7,5
140 ; 92:5,6,9,10,1,2,7,8,3,4,12,11 95:1,2,3,4,10,9,7,8,12,11,6,5 96:1,2,3,4,12,11,5,6,10,9,8,7 114:5,6,10,9,2,1,8,7,12,11,4,3 114:9,10,5,6,3,4,12,11,7,8,2,1 115:11,12,7,8,10,9,1,2,4,3,6,5 115:7,8,12,11,6,5,3,4,1,2,9,10
141 ; 89:9,10,8,7,11,12,6,5,2,1,3,4 92:1,2,4,3,10,9,11,12,8,7,6,5 94:1,2,4,3,7,8,5,6,12,11,9,10 51:1,2,3,4,8,7,5,6,9,10,12,11
142 ; 88:11,12,7,8,6,5,4,3,10,9,1,2 90:1,4,3,2,7,12,11,8,9,6,5,10 99:9,10,5,6,11,12,4,3,2,1,7,8 51:9,10,6,5,4,3,11,12,1,2,8,7
143 ; 91:5,6,10,9,4,3,2,1,8,7,12,11 93:5,6,9,10,4,3,8,7,1,2,11,12 104:7,8,12,11,9,10,5,6,4,3,1,2 51:7,8,12,11,10,9,1,2,5,6,4,3
144 ; 55:5,6,7,8,3,4,9,10,11,12,1,2 56:1,2,4,3,5,6,8,7,12,11,9,10 57:11,12,10,9,7,8,6,5,2,1,3,4 57:5,6,7,8,10,9,12,11,1,2,4,3
145 ; 87:11,12,1,2,7,8,10,9,6,5,3,4 107:11,12,7,8,1,2,4,3,9,10,6,5 52:9,10,12,11,4,3,5,6,7,8,1,2
146 ; 88:11,12,8,7,1,2,9,10,3,4,6,5 102:3,4,1,2,11,12,8,7,10,9,5,6 103:7,8,12,11,4,3,2,1,5,6,10,9 50:1,2,4,3,5,6,12,11,10,9,7,8
147 ; 89:9,10,12,11,3,4,2,1,6,5,8,7 96:3,4,1,2,10,9,7,8,6,5,11,12 98:1,2,4,3,11,12,5,6,7,8,9,10 52:5,6,7,8,11,12,10,9,3,4,2,1
148 ; 90:5,6,7,8,9,10,11,12,1,2,3,4 100:3,4,2,1,11,12,10,9,8,7,6,5 102:1,2,4,3,10,9,11,12,8,7,6,5 49:3,4,1,2,10,9,5,6,11,12,8,7 49:1,2,4,3,11,12,7,8,9,10,5,6 52:11,12,9,10,7,8,5,6,4,3,1,2
149 ; 92:5,6,9,10,1,2,7,8,3,4,12,11 97:9,10,5,6,4,3,12,11,8,7,1,2 98:7,8,12,11,2,1,6,5,9,10,4,3 50:3,4,1,2,9,10,8,7,5,6,11,12
150 ; 94:7,8,9,10,11,12,1,2,3,4,6,5 95:7,8,9,10,5,6,4,3,1,2,11,12 98:7,8,10,9,3,4,11,12,5,6,1,2 53:7,8,10,9,4,3,12,11,6,5,2,1
151 ; 94:7,8,9,10,11,12,1,2,3,4,6,5 96:3,4,1,2,8,7,5,6,12,11,9,10 97:3,4,1,2,6,5,10,9,8,7,11,12 54:7,8,9,10,1,2,5,6,11,12,3,4
152 ; 99:7,8,9,10,12,11,1,2,3,4,6,5 100:3,4,1,2,7,8,9,10,6,5,11,12 103:7,8,9,10,11,12,5,6,4,3,1,2 54:7,8,9,10,1,2,5,6,11,12,3,4
153 ; 99:7,8,9,10,12,11,1,2,3,4,6,5 101:7,8,10,9,12,11,5,6,3,4,1,2 102:11,12,5,6,3,4,1,2,8,7,9,10 53:1,2,3,4,8,7,12,11,6,5,10,9
154 ; 105:11,12,2,1,8,7,9,10,6,5,4,3 106:3,4,6,5,1,2,12,11,10,9,7,8 54:3,4,6,5,11,12,2,1,7,8,9,10
155 ; 105:11,12,2,1,8,7,9,10,6,5,4,3 107:9,10,1,2,7,8,6,5,11,12,4,3 53:3,4,5,6,1,2,11,12,10,9,7,8
156 ; 116:7,8,9,11,10,12,3,1,2,4,6,5 117:3,2,1,5,4,6,7,9,8,12,11,10 118:3,1,2,6,4,5,12,10,11,8,9,7 119:1,2,3,11,10,12,8,9,7,6,5,4 120:10,11,12,8,7,9,4,6,5,3,1,2 121:4,6,5,2,1,3,8,9,7,10,11,12 78:3,6,5,2,11,9,10,7,1,4,12,8 28:8,10,1,6,7,12,9,11,2,5,3,4
157 ; 122:9,7,8,3,2,1,12,11,10,6,5,4 84:2,1,3,9,7,8,12,10,11,5,4,6
158 ; 126:1,2,5,6,11,12,7,8,3,4,10,9 126:1,2,6,5,11,12,8,7,3,4,9,10 87:1,2,3,4,5,6,8,7,10,9,11,12 106:1,2,8,7,4,3,12,11,5,6,9,10 18:1,2,11,12,10,9,8,7,3,4,6,5
159 ; 105:1,2,3,4,5,6,8,7,10,9,11,12 107:9,10,12,11,6,5,8,7,4,3,1,2 19:1,2,11,12,10,9,6,5,3,4,8,7
160 ; 17:3,12,8,11,10,1,9,6,7,4,2,5
161 ; 126:7,8,2,1,11,12,6,5,3,4,9,10 126:3,4,9,10,7,8,5,6,11,12,2,1 108:5,6,3,4,9,10,8,7,1,2,12,11 108:1,2,4,3,9,10,7,8,5,6,11,12 16:3,4,8,7,6,5,1,2,11,12,10,9
162 ; 
163 ; 126:7,8,2,1,11,12,6,5,3,4,9,10 126:3,4,2,1,7,8,9,10,11,12,6,5 109:9,10,3,4,2,1,7,8,5,6,12,11 109:9,10,4,3,2,1,12,11,6,5,7,8
164 ; 90:9,12,11,10,5,8,7,6,2,3,4,1 90:1,4,3,2,6,5,7,8,9,11,10,12 90:9,11,12,10,8,5,7,6,1,2,3,4 85:2,1,3,4,7,8,5,6,11,12,10,9 85:4,1,3,2,5,8,7,6,9,12,10,11 85:4,1,3,2,11,9,12,10,8,7,6,5
165 ; 127:5,6,7,8,1,2,3,4,11,12,10,9 128:10,9,12,11,1,2,4,3,8,7,5,6 129:10,9,11,12,3,2,4,1,5,8,6,7 110:9,12,10,11,8,5,1,2,3,4,7,6
166 ; 
167 ; 130:7,9,8,10,11,12,3,2,1,4,5,6 131:1,3,2,4,6,5,9,8,7,10,12,11 116:7,8,9,11,10,12,2,3,1,6,5,4 121:4,5,6,1,2,3,9,7,8,12,10,11 42:1,6,12,9,2,5,3,4,11,8,7,10
168 ; 130:10,12,11,8,9,7,5,6,4,1,3,2 130:10,12,11,8,9,7,6,5,4,1,2,3 130:1,3,2,11,12,10,9,7,8,5,4,6 130:1,3,2,9,7,8,4,6,5,10,11,12 117:10,12,11,2,3,1,5,6,4,7,9,8 117:7,8,9,4,5,6,1,3,2,11,10,12 117:7,8,9,1,3,2,4,5,6,11,10,12 117:11,12,10,7,9,8,6,4,5,3,2,1
169 ; 130:10,12,11,8,9,7,5,6,4,1,3,2 131:4,6,5,11,10,12,3,2,1,9,8,7 118:3,1,2,8,7,9,11,12,10,5,4,6 120:12,10,11,5,6,4,1,3,2,7,9,8 38:3,7,2,9,10,5,11,4,1,8,12,6
170 ; 131:1,3,2,4,6,5,9,8,7,10,12,11 131:1,2,3,4,5,6,9,8,7,10,12,11 119:7,9,8,3,1,2,5,6,4,12,11,10 119:7,9,8,2,1,3,6,5,4,12,11,10 39:1,5,2,4,12,9,10,7,3,6,11,8
171 ; 40:8,10,7,12,2,4,3,6,9,11,1,5 40:2,6,3,4,8,12,7,10,1,5,9,11
172 ; 34:1,11,10,2,5,7,9,4,3,12,6,8 34:4,9,8,5,2,12,11,1,6,7,3,10 34:3,4,5,1,12,8,9,10,2,6,11,7 34:7,11,12,9,6,3,1,5,8,10,4,2
173 ; 46:1,3,2,9,7,8,4,5,6,11,10,12 46:4,5,6,12,11,10,3,1,2,8,7,9
174 ; 47:4,5,6,1,3,2,9,7,8,11,10,12 47:2,1,3,5,4,6,7,9,8,10,11,12 47:11,12,10,8,9,7,4,6,5,2,3,1 47:6,5,4,1,2,3,11,10,12,7,9,8
175 ; 133:7,9,8,10,11,12,5,6,4,3,2,1 116:7,8,9,1,3,2,12,10,11,5,4,6
176 ; 133:7,8,9,6,4,5,10,11,12,1,2,3 117:10,11,12,9,8,7,5,4,6,3,1,2
177 ; 132:7,9,8,10,11,12,5,6,4,2,1,3 118:3,1,2,8,7,9,11,12,10,5,4,6 8:3,12,1,6,5,11,7,4,9,2,8,10
178 ; 133:7,9,8,10,11,12,5,6,4,3,2,1 118:3,1,2,8,7,9,11,12,10,5,4,6
179 ; 33:2,10,12,7,9,8,6,1,4,11,5,3 33:1,2,3,12,4,9,6,10,8,11,5,7 3:1,12,10,3,11,5,2,8,4,7,6,9
180 ; 75:1,2,10,9,12,11,5,6,3,4,8,7 40:5,6,11,12,10,9,7,8,3,4,2,1 23:5,6,3,4,11,12,9,10,1,2,8,7
181 ; 47:9,10,12,7,8,11,6,4,5,3,2,1
182 ; 46:9,11,7,6,3,1,10,8,12,2,4,5
183 ; 74:11,12,10,9,4,3,5,6,1,2,8,7 34:1,2,12,11,7,8,3,4,5,6,10,9 23:5,7,1,12,3,10,8,6,9,4,11,2
184 ; 144:11,12,10,9,6,5,8,7,1,2,4,3 95:5,6,7,8,12,11,1,2,4,3,10,9 101:9,10,12,11,5,6,7,8,3,4,2,1
185 ; 138:7,8,9,10,3,4,2,1,11,12,5,6 140:5,6,12,11,10,9,1,2,8,7,3,4 141:7,8,10,9,12,11,1,2,4,3,5,6 147:7,8,10,9,11,12,5,6,2,1,4,3 149:7,8,10,9,5,6,3,4,12,11,1,2 150:1,2,3,4,8,7,6,5,12,11,9,10 151:11,12,5,6,1,2,8,7,10,9,4,3 86:7,8,10,9,6,5,1,2,12,11,4,3
186 ; 137:9,10,5,6,7,8,4,3,11,12,1,2 139:7,11,8,12,10,6,9,5,2,4,1,3 142:9,10,6,5,7,8,1,2,12,11,4,3 146:1,2,4,3,11,12,5,6,8,7,9,10 148:11,12,8,7,6,5,9,10,4,3,1,2 152:1,2,3,4,10,9,11,12,7,8,6,5 153:5,6,9,10,7,8,1,2,3,4,11,12 86:1,2,4,3,12,11,9,10,7,8,6,5
187 ; 144:9,10,12,11,1,2,4,3,6,5,8,7 87:1,2,7,8,5,6,4,3,12,11,9,10 89:11,12,10,9,1,2,4,3,8,7,6,5 90:1,4,3,2,5,8,7,6,11,10,9,12 91:11,12,10,9,2,1,4,3,8,7,6,5 91:5,6,7,8,4,3,2,1,9,10,12,11
188 ; 144:11,12,7,8,2,1,3,4,6,5,10,9 88:11,12,8,7,1,2,9,10,3,4,6,5 92:1,2,3,4,11,12,6,5,8,7,10,9 93:3,4,1,2,9,10,8,7,6,5,12,11 93:7,8,12,11,5,6,3,4,10,9,2,1
189 ; 144:9,10,11,12,6,5,8,7,1,2,4,3 94:9,10,12,11,5,6,1,2,3,4,8,7 99:11,12,9,10,8,7,4,3,1,2,5,6 104:9,10,11,12,7,8,5,6,1,2,4,3 104:5,6,7,8,12,11,9,10,1,2,4,3 105:11,12,4,3,1,2,9,10,6,5,8,7
190 ; 144:11,12,10,9,6,5,8,7,1,2,4,3 96:3,4,1,2,12,11,8,7,6,5,9,10 100:5,6,7,8,2,1,4,3,10,9,12,11
191 ; 144:11,12,10,9,6,5,8,7,1,2,4,3 97:3,4,2,1,11,12,7,8,6,5,9,10 103:5,6,8,7,1,2,4,3,9,10,12,11 106:5,6,4,3,1,2,9,10,7,8,11,12
192 ; 144:11,12,10,9,6,5,8,7,1,2,4,3 98:1,2,3,4,8,7,12,11,9,10,6,5 102:7,8,5,6,4,3,2,1,12,11,9,10 107:1,2,11,12,6,5,10,9,7,8,4,3
193 ; 134:7,8,11,12,4,3,5,6,1,2,9,10 135:1,2,10,9,11,12,5,6,7,8,4,3 136:1,2,6,5,9,10,4,3,8,7,11,12 145:7,8,9,10,5,6,11,12,1,2,4,3 154:11,12,6,5,9,10,8,7,4,3,1,2 155:11,12,1,2,4,3,8,7,10,9,5,6 86:3,4,1,2,9,10,12,11,6,5,8,7
194 ; 130:10,12,11,8,9,7,5,6,4,1,3,2 132:10,12,11,6,5,4,9,8,7,3,2,1 132:4,5,6,11,12,10,9,8,7,3,2,1 133:7,9,8,10,11,12,5,6,4,3,2,1 20:4,6,5,11,12,10,2,1,3,9,7,8
195 ; 158:5,6,8,7,4,3,12,11,2,1,9,10 158:9,10,8,7,1,2,3,4,11,12,5,6 161:11,12,10,9,2,1,5,6,4,3,7,8 161:11,12,9,10,2,1,6,5,4,3,8,7 163:1,2,7,8,4,3,5,6,12,11,9,10 163:1,2,8,7,4,3,6,5,12,11,10,9 136:3,4,2,1,7,8,6,5,10,9,11,12 136:1,2,4,3,7,8,6,5,10,9,11,12 37:11,12,3,4,7,8,5,6,1,2,9,10
196 ; 158:5,6,8,7,4,3,12,11,2,1,9,10 159:9,10,8,7,1,2,4,3,12,11,5,6 145:1,2,4,3,8,7,9,10,6,5,12,11 154:7,8,9,10,3,4,1,2,12,11,5,6 38:3,4,11,12,9,10,5,6,2,1,8,7
197 ; 159:7,8,10,9,2,1,3,4,11,12,5,6 159:9,10,8,7,1,2,4,3,12,11,5,6 155:11,12,4,3,9,10,8,7,5,6,2,1 155:11,12,4,3,8,7,9,10,6,5,2,1 39:5,6,8,7,1,2,11,12,9,10,4,3
198 ; 160:9,10,12,11,7,8,1,2,5,6,4,3 160:9,10,11,12,7,8,2,1,5,6,3,4 41:11,12,4,3,10,9,5,6,1,2,8,7
199 ; 162:9,10,11,12,7,8,1,2,5,6,4,3 162:9,10,12,11,7,8,2,1,5,6,3,4 40:3,4,11,12,5,6,9,10,1,2,7,8
200 ; 160:7,8,1,2,11,12,10,9,3,4,5,6 161:11,12,10,9,3,4,5,6,7,8,1,2 35:1,6,10,5,12,7,11,4,9,2,8,3
201 ; 160:3,4,9,10,7,8,5,6,11,12,1,2 161:5,6,12,11,2,1,3,4,10,9,7,8 36:11,12,8,7,6,5,9,10,3,4,2,1
202 ; 162:3,4,9,10,7,8,5,6,11,12,1,2 163:7,8,1,2,12,11,5,6,4,3,9,10 34:11,12,7,8,6,5,2,1,4,3,10,9
203 ; 162:11,12,5,6,3,4,2,1,7,8,9,10 163:9,10,3,4,2,1,7,8,6,5,11,12
204 ; 164:12,9,10,11,1,4,3,2,5,8,7,6 148:5,6,7,8,10,9,12,11,1,2,3,4 148:10,11,9,12,8,6,5,7,2,1,4,3 148:6,7,5,8,11,9,10,12,1,2,3,4 127:4,2,1,3,12,11,9,10,5,8,6,7 127:7,8,6,5,12,11,10,9,2,1,3,4 127:3,4,2,1,12,11,10,9,6,5,7,8
205 ; 164:5,7,6,8,3,2,1,4,10,11,12,9 142:9,10,11,12,7,5,3,1,6,8,2,4 129:2,1,4,3,6,7,8,5,12,11,10,9 45:3,7,10,8,11,4,2,12,6,1,5,9
206 ; 164:12,9,10,11,1,4,3,2,5,8,7,6 139:5,8,6,7,3,2,4,1,11,10,12,9 128:9,11,10,12,1,4,2,3,7,8,6,5 43:6,2,10,7,3,11,8,12,4,5,1,9
207 ; 166:6,8,7,5,10,11,9,12,1,4,2,3
208 ; 158:11,12,8,7,4,3,1,2,9,10,5,6 159:3,4,9,10,5,6,8,7,12,11,2,1 134:3,4,7,8,1,2,6,5,12,11,10,9 135:11,12,3,4,7,8,5,6,9,10,2,1 42:1,2,12,11,3,4,9,10,6,5,7,8
209 ; 170:1,3,2,5,6,4,11,12,10,8,7,9 171:3,1,2,6,5,4,8,7,9,11,12,10 80:1,5,6,2,8,12,9,11,3,4,7,10 82:2,4,9,11,3,6,1,5,7,12,10,8
210 ; 168:1,2,3,9,8,7,6,5,4,10,11,12 171:7,8,9,3,1,2,6,5,4,10,12,11 172:8,9,7,1,2,3,11,10,12,4,5,6 172:1,3,2,9,8,7,10,11,12,5,4,6 77:6,12,5,11,9,1,7,3,4,10,8,2 77:4,10,5,12,9,2,8,1,6,11,7,3
211 ; 170:5,4,6,1,2,3,7,8,9,12,11,10 170:3,2,1,5,4,6,11,10,12,7,9,8 79:2,6,1,5,10,7,12,8,3,4,11,9 79:8,11,7,10,2,4,3,6,9,12,1,5
212 ; 173:4,6,5,11,10,12,2,1,3,8,7,9 174:9,7,8,12,11,10,4,5,6,2,1,3 84:3,2,1,6,4,5,10,11,12,8,9,7 84:3,1,2,4,5,6,12,10,11,8,7,9
213 ; 175:7,9,8,5,4,6,12,11,10,1,3,2 176:5,6,4,10,11,12,7,9,8,2,1,3 178:6,4,5,10,11,12,9,8,7,1,3,2 156:2,1,3,7,8,9,12,11,10,4,5,6
214 ; 171:6,4,5,7,8,9,11,12,10,1,3,2 171:5,6,4,3,1,2,7,9,8,12,11,10 172:8,7,9,11,10,12,3,1,2,6,4,5 174:7,8,9,4,6,5,12,10,11,1,3,2
215 ; 173:2,3,1,8,7,9,5,4,6,11,10,12 173:11,10,12,4,6,5,9,8,7,2,3,1
216 ; 172:8,7,9,11,10,12,3,1,2,6,4,5 173:3,2,1,8,7,9,10,12,11,4,6,5
217 ; 167:10,11,12,8,7,9,6,5,4,1,2,3 167:10,11,12,8,7,9,1,3,2,4,5,6 168:11,12,10,1,3,2,7,8,9,5,4,6 169:1,3,2,12,11,10,4,5,6,7,8,9 169:4,6,5,7,9,8,1,2,3,12,10,11 170:3,2,1,5,4,6,11,10,12,7,9,8 156:3,1,2,4,5,6,12,10,11,9,7,8 156:1,3,2,6,5,4,12,10,11,9,7,8 81:7,12,1,4,8,10,9,11,2,6,5,3
218 ; 179:5,12,9,8,4,2,3,11,1,10,6,7 8:3,5,4,2,11,7,6,10,9,12,1,8 12:1,12,7,2,4,3,6,11,9,10,5,8
219 ; 180:11,12,8,7,9,10,4,3,5,6,1,2 183:9,10,5,6,8,7,12,11,1,2,3,4 123:7,8,1,2,9,10,12,11,6,5,4,3 77:5,6,11,12,8,7,1,2,9,10,3,4 48:5,11,12,6,2,4,3,1,9,8,10,7
220 ; 181:1,4,5,2,6,3,10,12,7,9,11,8 182:4,2,3,1,6,5,7,9,11,8,10,12 84:1,4,5,11,12,10,8,9,7,6,2,3
221 ; 184:7,8,6,5,4,3,2,1,10,9,11,12 189:11,12,9,10,4,3,2,1,7,8,6,5 192:7,8,6,5,4,3,1,2,12,11,9,10 150:1,2,4,3,12,11,7,8,6,5,9,10 153:5,6,7,8,2,1,12,11,9,10,4,3 155:5,6,9,10,12,11,7,8,2,1,4,3
222 ; 187:1,2,4,3,7,8,10,9,12,11,5,6 188:11,12,5,6,9,10,1,2,8,7,4,3 189:5,6,11,12,7,8,9,10,4,3,1,2 134:7,8,10,9,2,1,6,5,3,4,12,11 141:7,8,10,9,12,11,1,2,4,3,5,6 142:1,2,3,4,9,10,11,12,7,8,5,6 143:7,8,10,9,4,3,5,6,2,1,11,12 143:5,6,12,11,4,3,8,7,1,2,10,9
223 ; 187:9,10,11,12,1,2,4,3,8,7,5,6 190:9,10,11,12,2,1,3,4,8,7,5,6 192:7,8,6,5,3,4,2,1,12,11,10,9 145:9,10,2,1,4,3,11,12,6,5,7,8 147:1,2,4,3,7,8,5,6,10,9,11,12 148:5,6,7,8,2,1,4,3,12,11,10,9
224 ; 188:1,2,4,3,9,10,12,11,6,5,7,8 191:9,10,6,5,2,1,4,3,12,11,7,8 192:9,10,6,5,3,4,2,1,12,11,7,8 135:3,4,6,5,12,11,9,10,8,7,1,2 146:3,4,2,1,10,9,11,12,5,6,8,7 149:1,2,4,3,12,11,9,10,7,8,5,6
225 ; 189:11,12,9,10,4,3,2,1,7,8,6,5 190:11,12,9,10,1,2,4,3,7,8,6,5 191:1,2,4,3,9,10,12,11,8,7,5,6 151:9,10,12,11,6,5,2,1,4,3,7,8 152:5,6,7,8,2,1,12,11,9,10,4,3 154:1,2,12,11,9,10,4,3,6,5,8,7
226 ; 184:5,6,7,8,2,1,3,4,9,10,11,12 187:9,10,11,12,1,2,4,3,8,7,5,6 191:3,4,1,2,10,9,12,11,7,8,5,6 136:7,8,2,1,3,4,6,5,12,11,9,10 138:9,10,11,12,3,4,2,1,7,8,5,6 139:5,7,6,8,2,4,1,3,9,11,10,12
227 ; 184:3,4,2,1,6,5,10,9,12,11,8,7 188:1,2,4,3,9,10,12,11,6,5,7,8 190:1,2,3,4,11,12,8,7,6,5,10,9 137:1,2,3,4,8,7,5,6,12,11,10,9 140:9,10,6,5,8,7,2,1,12,11,4,3
228 ; 166:6,8,7,5,10,11,9,12,1,4,2,3 166:12,11,10,9,3,4,1,2,5,8,6,7 166:11,12,10,9,7,6,5,8,1,2,4,3
229 ; 164:12,9,10,11,1,4,3,2,5,8,7,6 164:4,1,2,3,8,7,5,6,10,11,12,9 164:9,12,11,10,5,6,8,7,4,3,1,2
230 ; 144:3,4,6,5,10,9,1,2,12,11,7,8 75:1,2,12,11,10,9,6,5,7,8,3,4 75:1,2,12,11,10,9,6,5,7,8,4,3 76:11,12,10,9,6,5,8,7,3,4,2,1 76:3,4,12,11,9,10,2,1,7,8,5,6
231 ; 194:7,8,9,5,6,4,12,10,11,3,1,2 167:4,6,5,10,12,11,7,8,9,1,2,3 175:7,9,8,10,11,12,4,5,6,3,2,1 45:10,12,11,8,7,9,6,5,4,1,3,2
232 ; 174:6,5,4,11,12,10,7,9,8,1,2,3 122:7,8,9,11,10,12,4,6,5,3,1,2
233 ; 194:7,8,9,5,6,4,12,10,11,3,1,2 169:6,5,4,7,9,8,11,12,10,1,2,3 177:4,5,6,9,7,8,10,12,11,3,2,1 177:8,7,9,6,5,4,10,12,11,3,2,1 178:11,10,12,4,6,5,8,7,9,2,1,3 44:11,12,10,2,3,1,5,6,4,8,9,7
234 ; 194:7,8,9,5,6,4,12,10,11,3,1,2 168:1,2,3,9,8,7,6,5,4,10,11,12 176:1,3,2,11,12,10,8,7,9,6,4,5 43:12,11,10,9,8,7,5,4,6,2,1,3
235 ; 195:1,2,12,11,9,10,7,8,5,6,4,3 198:9,10,6,5,12,11,1,2,4,3,7,8 200:1,2,9,10,3,4,6,5,11,12,8,7 200:1,2,10,9,3,4,5,6,11,12,7,8 201:7,8,4,3,9,10,12,11,5,6,1,2 201:7,8,3,4,9,10,11,12,5,6,2,1 78:7,8,10,9,2,1,3,4,6,5,11,12
236 ; 195:7,8,5,6,1,2,12,11,3,4,10,9 199:7,8,10,9,1,2,4,3,11,12,6,5 202:9,10,1,2,7,8,3,4,5,6,11,12 202:9,10,2,1,7,8,4,3,5,6,12,11 203:3,4,5,6,11,12,8,7,1,2,10,9 203:3,4,6,5,11,12,7,8,1,2,9,10 77:7,8,5,6,4,3,2,1,9,10,12,11
237 ; 197:5,6,7,8,3,4,11,12,2,1,10,9 198:9,10,6,5,12,11,1,2,4,3,7,8 79:9,10,6,5,3,4,2,1,7,8,12,11
238 ; 197:5,6,7,8,3,4,11,12,2,1,10,9 199:7,8,10,9,1,2,4,3,11,12,6,5 80:7,8,6,5,11,12,1,2,9,10,3,4
239 ; 204:3,1,4,2,8,5,6,7,11,10,9,12 205:3,1,2,4,8,6,5,7,10,12,11,9 206:9,11,12,10,8,5,7,6,4,1,3,2 186:1,3,2,4,7,5,12,11,8,6,9,10 165:1,4,2,3,5,7,6,8,10,11,9,12 83:3,11,6,4,10,5,2,7,9,1,12,8
240 ; 195:1,2,3,4,8,7,5,6,12,11,10,9 196:5,6,7,8,1,2,9,10,3,4,11,12 196:7,8,5,6,2,1,10,9,3,4,12,11 197:11,12,6,5,3,4,10,9,2,1,8,7 208:3,4,1,2,12,11,7,8,10,9,5,6 208:5,6,11,12,3,4,9,10,8,7,1,2 193:9,10,7,8,1,2,11,12,6,5,3,4 193:9,10,6,5,1,2,12,11,7,8,3,4 81:1,2,5,6,3,4,9,10,11,12,8,7
241 ; 198:5,6,8,7,2,1,4,3,10,9,12,11 199:11,12,6,5,2,1,3,4,9,10,7,8 82:9,10,11,12,4,3,2,1,5,6,7,8
242 ; 210:10,11,12,1,3,2,8,9,7,5,4,6 210:1,2,3,8,7,9,11,12,10,6,5,4 210:2,3,1,12,11,10,7,8,9,4,6,5 210:3,2,1,11,10,12,9,8,7,6,4,5 210:10,12,11,1,3,2,9,7,8,5,4,6 210:5,4,6,2,3,1,9,8,7,12,11,10 214:11,12,10,5,4,6,9,7,8,2,3,1 214:8,7,9,12,11,10,2,1,3,5,6,4 214:8,7,9,12,11,10,6,4,5,3,2,1 214:9,8,7,6,4,5,10,12,11,1,3,2 214:12,11,10,6,4,5,2,1,3,9,8,7 214:6,5,4,9,7,8,10,11,12,3,1,2
243 ; 212:6,5,4,8,7,9,12,11,10,3,2,1 212:6,5,4,7,8,9,11,12,10,3,2,1 214:7,9,8,11,12,10,3,1,2,6,5,4 215:12,10,11,2,3,1,4,5,6,8,7,9 216:6,5,4,8,7,9,10,12,11,2,3,1 216:11,10,12,9,8,7,4,5,6,2,3,1
244 ; 215:8,7,9,6,4,5,11,12,10,2,1,3 215:10,12,11,6,4,5,9,7,8,2,1,3
245 ; 211:7,9,8,11,12,10,3,1,2,4,5,6 211:5,4,6,1,3,2,9,8,7,12,11,10
246 ; 
247 ; 210:2,3,1,12,11,10,7,8,9,4,6,5 211:11,12,10,4,5,6,3,2,1,9,7,8
248 ; 209:8,9,7,11,10,12,3,1,2,6,5,4 209:4,6,5,2,3,1,10,11,12,9,8,7 210:7,8,9,1,3,2,10,11,12,5,4,6 211:5,4,6,1,3,2,9,8,7,12,11,10 217:1,3,2,4,6,5,12,10,11,9,7,8 217:7,8,9,10,11,12,3,1,2,6,4,5 125:3,6,10,7,1,4,2,5,11,9,8,12 125:3,5,12,9,2,6,1,4,11,8,7,10
249 ; 214:7,9,8,11,12,10,3,1,2,6,5,4 215:4,5,6,7,9,8,10,12,11,3,1,2
250 ; 221:11,12,6,5,8,7,10,9,4,3,2,1 222:3,4,2,1,7,8,12,11,6,5,10,9 223:11,12,5,6,8,7,10,9,3,4,2,1 224:9,10,8,7,2,1,11,12,4,3,5,6 225:11,12,5,6,8,7,10,9,4,3,1,2 226:9,10,8,7,2,1,3,4,6,5,12,11 227:1,2,4,3,10,9,6,5,7,8,12,11 185:9,10,8,7,11,12,1,2,3,4,6,5 186:5,6,11,12,9,10,3,4,8,7,1,2 193:9,10,8,7,4,3,6,5,1,2,11,12
251 ; 229:9,11,12,10,4,2,1,3,7,6,8,5 204:9,10,11,12,6,8,7,5,4,2,1,3
252 ; 229:9,11,12,10,4,2,1,3,7,6,8,5 206:10,11,9,12,5,8,6,7,4,1,3,2 206:10,11,9,12,5,8,6,7,3,1,2,4 206:6,7,5,8,9,12,10,11,2,1,4,3
253 ; 229:9,11,12,10,4,2,1,3,7,6,8,5 205:1,4,3,2,7,5,8,6,9,11,10,12
254 ; 228:9,12,10,11,4,2,1,3,7,6,8,5 207:6,5,8,7,12,10,9,11,3,1,2,4
255 ; 230:5,6,3,4,1,2,7,8,11,12,10,9 188:9,10,1,2,5,6,7,8,4,3,12,11
256 ; 230:1,2,3,4,10,9,5,6,12,11,8,7 192:3,4,7,8,5,6,2,1,11,12,10,9 155:5,6,9,10,4,3,12,11,2,1,8,7 124:9,10,8,7,6,5,2,1,3,4,12,11 124:1,2,6,5,9,10,3,4,8,7,12,11
257 ; 230:1,2,5,6,3,4,12,11,9,10,7,8 191:11,12,4,3,8,7,1,2,6,5,10,9 136:3,4,6,5,2,1,10,9,12,11,8,7 123:11,12,3,4,2,1,6,5,9,10,7,8 123:7,8,4,3,12,11,1,2,6,5,9,10
258 ; 231:7,8,9,11,10,12,1,2,3,4,6,5 233:6,4,5,10,11,12,1,3,2,7,9,8 234:1,2,3,6,4,5,9,7,8,12,10,11 213:1,2,3,10,12,11,8,9,7,5,4,6 217:4,5,6,10,11,12,9,7,8,3,1,2 83:9,7,8,6,5,4,12,11,10,1,2,3
259 ; 232:7,8,9,12,10,11,2,1,3,4,6,5 212:11,12,10,2,3,1,4,6,5,9,8,7 157:11,10,12,6,4,5,8,9,7,1,3,2
260 ; 235:9,10,4,3,12,11,6,5,8,7,1,2 236:5,6,8,7,9,10,4,3,1,2,11,12 237:9,10,4,3,5,6,7,8,11,12,2,1 238:5,6,11,12,3,4,10,9,2,1,8,7 240:11,12,6,5,2,1,10,9,8,7,3,4 241:1,2,10,9,12,11,7,8,4,3,5,6 125:1,2,8,7,4,3,10,9,11,12,6,5
261 ; 242:10,12,11,6,5,4,9,8,7,2,1,3 246:2,3,1,4,5,6,11,10,12,7,8,9 246:2,3,1,11,10,12,8,9,7,6,5,4 246:6,5,4,11,10,12,1,2,3,8,9,7
262 ; 244:1,2,3,5,6,4,12,11,10,8,7,9 246:7,9,8,10,11,12,3,1,2,5,4,6
263 ; 245:12,11,10,8,7,9,5,4,6,2,1,3 246:7,9,8,10,11,12,5,4,6,2,1,3
264 ; 244:4,5,6,3,1,2,10,12,11,8,7,9 245:12,11,10,8,7,9,5,4,6,2,1,3
265 ; 228:9,12,10,11,4,2,1,3,7,6,8,5 228:6,7,5,8,2,4,3,1,9,10,11,12 229:9,12,10,11,4,2,1,3,7,6,8,5
266 ; 242:10,12,11,6,5,4,9,8,7,2,1,3 243:3,1,2,7,9,8,5,4,6,10,12,11 243:1,3,2,11,12,10,4,5,6,8,9,7 244:8,7,9,10,11,12,6,4,5,3,2,1 249:8,7,9,3,1,2,11,10,12,5,6,4 249:8,7,9,4,6,5,11,12,10,2,3,1
267 ; 242:12,11,10,5,4,6,8,7,9,3,2,1 245:12,11,10,8,7,9,5,4,6,2,1,3 247:6,5,4,9,8,7,2,3,1,10,12,11 247:6,5,4,10,11,12,2,3,1,9,8,7 248:10,12,11,7,9,8,1,3,2,5,4,6 248:1,2,3,4,5,6,9,7,8,11,10,12
268 ; 251:8,7,6,5,3,2,4,1,12,10,9,11 252:1,4,3,2,5,8,7,6,12,9,10,11 253:2,1,3,4,12,9,10,11,6,7,8,5 239:1,2,4,3,6,8,5,7,9,10,12,11
269 ; 126:3,5,12,9,6,4,8,11,1,2,7,10 74:4,7,8,2,9,3,5,12,6,10,1,11 75:6,12,7,3,8,4,2,10,5,11,1,9
270 ; 255:5,6,12,11,9,10,4,3,1,2,8,7 256:7,8,4,3,5,6,10,9,11,12,2,1 257:7,8,11,12,10,9,5,6,3,4,1,2 224:11,12,1,2,6,5,4,3,8,7,10,9 193:3,4,11,12,2,1,10,9,5,6,8,7
271 ; 242:10,12,11,6,5,4,9,8,7,2,1,3 232:4,5,6,11,10,12,7,9,8,2,3,1 232:4,5,6,1,3,2,11,12,10,7,8,9 234:4,6,5,3,2,1,7,9,8,12,11,10 234:4,5,6,8,9,7,12,11,10,1,2,3
272 ; 181:6,10,12,7,4,1,5,11,8,2,3,9 84:8,2,7,5,4,12,10,1,11,6,9,3
273 ; 265:8,6,7,5,12,10,11,9,2,1,3,4 253:4,2,1,3,6,8,7,5,9,11,12,10
274 ; 261:12,11,10,3,1,2,5,4,6,9,7,8 262:11,12,10,7,8,9,3,2,1,6,4,5 263:2,3,1,6,4,5,7,8,9,11,12,10 264:11,10,12,7,8,9,3,1,2,6,4,5 266:10,12,11,8,9,7,3,2,1,4,5,6 267:7,9,8,10,11,12,1,2,3,6,5,4
275 ; 265:8,6,7,5,12,10,11,9,2,1,3,4 252:12,11,9,10,1,4,3,2,5,8,7,6
276 ; 265:8,6,7,5,12,10,11,9,2,1,3,4 251:10,11,12,9,2,3,4,1,5,8,7,6 254:10,9,12,11,3,4,1,2,6,8,7,5 254:8,6,5,7,3,4,1,2,11,12,9,10
277 ; 230:3,4,1,2,7,8,11,12,6,5,10,9 199:5,6,3,4,1,2,11,12,9,10,8,7 184:3,4,8,7,9,10,12,11,2,1,5,6 180:11,12,8,7,5,6,3,4,1,2,10,9 180:3,4,10,9,2,1,5,6,12,11,7,8
278 ; 160:4,5,12,8,3,2,9,10,6,1,7,11 79:7,8,10,11,1,5,4,2,12,9,3,6
279 ; 269:9,12,10,8,7,11,6,4,3,1,5,2 269:8,9,11,12,10,7,4,1,6,2,3,5 161:7,12,2,1,9,8,4,6,11,10,3,5 123:4,10,8,2,9,1,6,11,5,12,3,7 123:4,8,7,5,12,3,6,9,1,11,2,10 77:10,11,8,12,1,4,5,3,9,7,2,6
280 ; 271:3,2,1,9,7,8,6,4,5,12,11,10 261:12,11,10,7,8,9,1,2,3,5,4,6
281 ; 271:3,2,1,9,7,8,6,4,5,12,11,10 267:9,7,8,1,2,3,10,12,11,6,4,5 258:4,5,6,12,10,11,3,1,2,7,9,8 258:4,5,6,11,10,12,3,2,1,9,7,8
282 ; 271:3,2,1,9,7,8,6,4,5,12,11,10 266:5,6,4,9,7,8,10,12,11,3,2,1 259:4,5,6,2,1,3,11,12,10,7,8,9 259:4,6,5,9,7,8,2,1,3,12,10,11
283 ; 273:4,1,2,3,5,8,7,6,11,9,12,10 275:6,8,7,5,2,1,4,3,10,9,12,11 276:3,1,2,4,10,12,11,9,6,8,7,5 268:8,6,7,5,3,4,2,1,12,9,10,11
284 ; 265:6,8,7,5,12,10,11,9,3,1,2,4 187:3,4,1,2,10,9,11,12,7,8,6,5
285 ; 277:11,12,1,2,3,4,8,7,10,9,5,6 257:1,2,5,6,11,12,7,8,9,10,3,4 236:3,4,12,11,2,1,8,7,10,9,5,6 226:1,2,3,4,6,5,11,12,9,10,8,7 219:5,6,12,11,9,10,3,4,1,2,8,7 219:1,2,8,7,10,9,11,12,4,3,5,6
286 ; 277:1,2,12,11,4,3,7,8,9,10,6,5 255:9,10,3,4,8,7,1,2,12,11,5,6 241:1,2,11,12,9,10,3,4,8,7,6,5 227:1,2,6,5,12,11,8,7,9,10,4,3
287 ; 277:11,12,1,2,6,5,3,4,7,8,9,10 256:9,10,6,5,4,3,8,7,11,12,2,1 238:5,6,7,8,9,10,3,4,1,2,12,11 221:5,6,3,4,8,7,12,11,2,1,10,9
288 ; 278:10,9,12,11,8,7,2,5,4,6,1,3 279:9,11,10,7,12,8,1,3,6,2,5,4 200:8,11,2,3,10,7,1,6,9,12,4,5 125:1,4,9,7,2,6,5,3,8,12,11,10
289 ; 280:11,10,12,8,9,7,3,2,1,5,4,6 281:1,2,3,11,12,10,4,6,5,8,7,9 282:1,3,2,10,11,12,4,6,5,8,7,9 274:4,6,5,11,10,12,1,3,2,9,8,7
290 ; 284:6,8,7,5,12,9,11,10,2,1,3,4 275:2,1,3,4,10,12,9,11,8,6,7,5 226:11,12,9,10,2,1,4,3,5,6,8,7
291 ; 284:6,8,7,5,12,9,11,10,2,1,3,4 276:11,9,12,10,7,6,5,8,4,2,3,1 223:3,4,1,2,12,11,9,10,6,5,7,8
292 ; 284:3,2,4,1,7,5,6,8,11,9,12,10 273:6,5,7,8,9,11,10,12,4,1,2,3 222:7,8,6,5,10,9,4,3,2,1,12,11
293 ; 285:11,12,5,6,8,7,2,1,4,3,10,9 286:3,4,11,12,2,1,8,7,5,6,9,10 287:3,4,7,8,1,2,12,11,10,9,6,5 270:7,8,1,2,3,4,10,9,6,5,12,11 260:3,4,7,8,5,6,10,9,1,2,11,12 250:9,10,12,11,5,6,4,3,7,8,1,2
294 ; 290:9,12,10,11,4,2,3,1,6,7,8,5 291:7,8,5,6,11,10,12,9,3,2,1,4 292:5,7,8,6,11,9,12,10,4,2,1,3 283:2,4,1,3,7,8,6,5,9,10,12,11 250:9,12,11,10,3,4,6,8,7,5,1,2
295 ; 272:10,4,1,2,11,8,3,7,6,12,5,9 220:1,8,2,6,3,10,5,4,12,11,7,9 179:2,3,11,4,7,10,5,12,6,9,1,8 157:12,4,6,11,8,5,10,1,7,2,9,3 123:2,9,1,12,3,4,10,7,6,8,5,11 112:5,9,11,2,1,7,8,3,12,10,4,6 43:7,6,5,3,1,8,11,4,9,2,12,10
296 ; 269:4,2,3,6,1,5,11,8,10,9,12,7 249:7,11,9,3,4,5,10,8,12,1,2,6 203:10,12,5,4,7,11,6,3,8,9,2,1 180:2,11,6,10,1,12,9,4,3,7,5,8 181:5,2,1,3,6,4,10,9,11,8,7,12 182:6,5,1,2,3,4,10,12,11,8,7,9 183:2,9,3,7,4,8,11,6,1,12,5,10
297 ; 296:11,7,9,12,8,10,2,1,5,4,6,3 296:6,4,5,2,1,3,11,10,8,9,7,12 279:11,10,12,9,7,8,5,1,3,2,6,4 266:9,7,11,8,12,10,6,4,2,3,5,1 236:4,6,5,3,12,10,9,11,7,8,1,2 219:4,8,5,7,3,9,12,1,6,10,2,11 219:6,11,2,10,5,12,7,3,1,9,4,8 220:12,11,10,9,7,8,2,1,4,6,3,5 220:1,5,2,3,4,6,11,7,9,8,12,10
298 ; 278:4,6,1,3,2,5,7,8,12,11,10,9 263:12,8,10,7,9,11,5,6,1,3,4,2 237:7,10,9,12,3,6,4,1,5,2,8,11
299 ; 297:6,1,3,2,5,4,10,8,11,7,9,12 298:3,4,6,5,1,2,8,9,11,7,12,10 288:11,8,12,9,7,10,5,4,3,6,1,2 274:2,5,3,1,4,6,12,10,11,9,8,7 260:9,10,11,8,1,6,4,3,12,7,5,2
300 ; 297:1,2,3,4,5,6,7,8,9,10,11,12 297:2,1,3,4,5,6,7,8,9,10,11,12 295:1,2,3,4,5,6,7,8,9,10,11,12 295:2,1,3,4,5,6,7,8,9,10,11,12 290:1,2,3,4,5,6,7,8,9,10,11,12 290:2,1,3,4,5,6,7,8,9,10,11,12 285:1,2,3,4,5,6,7,8,9,10,11,12 285:2,1,3,4,5,6,7,8,9,10,11,12 282:1,2,3,4,5,6,7,8,9,10,11,12 282:2,1,3,4,5,6,7,8,9,10,11,12
301 ; 300:1,2,3,4,5,6,7,8,9,10,11,12 299:1,2,3,4,5,6,7,8,9,10,11,12 294:1,2,3,4,5,6,7,8,9,10,11,12 293:1,2,3,4,5,6,7,8,9,10,11,12 289:1,2,3,4,5,6,7,8,9,10,11,12 218:1,2,3,4,5,6,7,8,9,10,11,12
