# The 50 transitive groups of degree 8 up to conjugacy, computed by sagebrush-group
# (src/transitive.rs, from scratch); per line: order ; generators as image lists of 1..8
8 ; 2,1,6,7,8,3,4,5 3,6,2,8,4,1,5,7 4,7,8,6,2,5,3,1
8 ; 2,1,6,7,8,3,4,5 3,6,2,8,4,1,5,7 7,4,8,2,6,5,1,3
8 ; 2,1,6,7,8,3,4,5 3,6,2,8,4,1,5,7 4,7,8,2,3,5,1,6
8 ; 2,1,6,7,8,3,4,5 3,6,2,8,4,1,5,7 5,8,7,3,2,4,6,1
8 ; 2,1,6,7,8,3,4,5 3,6,1,5,4,2,8,7 7,4,8,2,6,5,1,3
16 ; 2,1,6,7,8,3,4,5 2,1,3,7,5,6,4,8 4,7,8,2,3,5,1,6 5,8,2,3,4,1,6,7
16 ; 2,1,6,7,8,3,4,5 2,1,3,7,5,6,4,8 4,7,8,2,3,5,1,6 3,6,1,5,4,2,8,7
16 ; 2,1,6,7,8,3,4,5 2,1,3,7,5,6,4,8 7,4,8,2,6,5,1,3 5,8,1,6,7,2,3,4
16 ; 2,1,6,7,8,3,4,5 2,1,3,7,5,6,4,8 7,4,8,2,6,5,1,3 3,6,1,5,4,2,8,7
16 ; 2,1,6,7,8,3,4,5 3,6,2,8,4,1,5,7 5,8,7,3,2,4,6,1 5,8,6,4,1,3,7,2
16 ; 2,1,6,7,8,3,4,5 3,6,2,8,4,1,5,7 7,4,8,2,6,5,1,3 6,3,2,7,5,1,4,8
24 ; 2,1,6,7,8,3,4,5 3,6,2,8,4,1,5,7 5,8,7,3,2,4,6,1 2,1,5,3,7,8,6,4
24 ; 2,1,6,7,8,3,4,5 3,6,1,5,4,2,8,7 7,4,8,2,6,5,1,3 2,1,5,3,7,8,6,4
24 ; 2,1,6,7,8,3,4,5 3,6,1,5,4,2,8,7 6,1,3,5,8,2,7,4 5,4,8,3,6,7,1,2
32 ; 2,1,6,7,8,3,4,5 2,1,3,7,5,6,4,8 1,2,3,7,8,6,4,5 3,6,1,5,4,2,8,7 5,8,4,2,6,7,1,3
32 ; 2,1,6,7,8,3,4,5 2,1,3,7,5,6,4,8 1,2,3,7,8,6,4,5 3,6,1,5,4,2,8,7 5,8,7,1,3,4,2,6
32 ; 2,1,6,7,8,3,4,5 2,1,3,7,5,6,4,8 1,2,3,7,8,6,4,5 3,6,1,5,4,2,8,7 4,7,5,1,6,8,2,3
32 ; 2,1,6,7,8,3,4,5 2,1,3,7,5,6,4,8 1,2,3,7,8,6,4,5 3,6,1,5,4,2,8,7 7,4,8,2,6,5,1,3
32 ; 2,1,6,7,8,3,4,5 2,1,3,7,5,6,4,8 4,7,8,2,3,5,1,6 7,4,3,1,5,6,2,8 5,8,2,3,4,1,6,7
32 ; 2,1,6,7,8,3,4,5 2,1,3,7,5,6,4,8 4,7,8,2,3,5,1,6 3,6,1,5,4,2,8,7 5,8,2,3,4,1,6,7
32 ; 2,1,6,7,8,3,4,5 2,1,3,7,5,6,4,8 7,4,3,2,5,6,1,8 7,4,8,2,6,5,1,3 5,8,1,6,7,2,3,4
32 ; 2,1,6,7,8,3,4,5 2,1,3,7,5,6,4,8 7,4,8,2,6,5,1,3 7,4,6,1,5,3,2,8 5,8,1,6,7,2,3,4
48 ; 2,1,6,7,8,3,4,5 3,6,2,8,4,1,5,7 5,8,7,3,2,4,6,1 2,1,5,3,7,8,6,4 4,7,6,1,5,3,2,8
48 ; 2,1,6,7,8,3,4,5 3,6,1,5,4,2,8,7 7,4,8,2,6,5,1,3 2,1,5,3,7,8,6,4 4,7,2,8,3,1,5,6
56 ; 2,1,6,7,8,3,4,5 3,6,1,5,4,2,8,7 7,4,8,2,6,5,1,3 4,6,2,7,1,5,3,8
64 ; 2,1,6,7,8,3,4,5 2,1,3,7,5,6,4,8 1,2,3,7,8,6,4,5 3,6,1,5,4,2,8,7 7,4,8,2,6,5,1,3 2,1,3,4,5,6,7,8
64 ; 2,1,6,7,8,3,4,5 2,1,3,7,5,6,4,8 1,2,3,7,8,6,4,5 3,6,1,5,4,2,8,7 7,4,8,2,6,5,1,3 5,8,2,3,4,1,6,7
64 ; 2,1,6,7,8,3,4,5 2,1,3,7,5,6,4,8 1,2,3,7,8,6,4,5 3,6,1,5,4,2,8,7 7,4,8,2,6,5,1,3 5,8,4,2,6,7,1,3
64 ; 2,1,6,7,8,3,4,5 2,1,3,7,5,6,4,8 1,2,3,7,8,6,4,5 3,6,1,5,4,2,8,7 4,7,5,1,6,8,2,3 5,8,4,2,6,7,1,3
64 ; 2,1,6,7,8,3,4,5 2,1,3,7,5,6,4,8 1,2,3,7,8,6,4,5 3,6,1,5,4,2,8,7 4,7,5,1,6,8,2,3 6,3,1,4,8,2,7,5
64 ; 2,1,6,7,8,3,4,5 2,1,3,7,5,6,4,8 1,2,3,7,8,6,4,5 3,6,1,5,4,2,8,7 5,8,7,1,3,4,2,6 2,1,3,4,5,6,7,8
96 ; 2,1,6,7,8,3,4,5 2,1,3,7,5,6,4,8 1,2,3,7,8,6,4,5 3,6,1,5,4,2,8,7 7,4,8,2,6,5,1,3 2,1,5,3,7,8,6,4
96 ; 2,1,6,7,8,3,4,5 2,1,3,7,5,6,4,8 7,4,3,2,5,6,1,8 7,4,8,2,6,5,1,3 7,1,3,4,6,8,2,5 5,8,1,6,7,2,3,4
96 ; 2,1,6,7,8,3,4,5 2,1,3,7,5,6,4,8 7,4,3,2,5,6,1,8 7,4,8,2,6,5,1,3 7,1,3,4,6,8,2,5 6,3,7,8,2,4,5,1
128 ; 2,1,6,7,8,3,4,5 2,1,3,7,5,6,4,8 1,2,3,7,8,6,4,5 3,6,1,5,4,2,8,7 7,4,8,2,6,5,1,3 5,8,4,2,6,7,1,3 2,1,3,4,5,6,7,8
168 ; 2,1,6,7,8,3,4,5 5,4,7,1,2,3,8,6
168 ; 2,1,6,7,8,3,4,5 3,6,1,5,4,2,8,7 7,4,8,2,6,5,1,3 4,6,2,7,1,5,3,8 2,8,4,6,5,3,7,1
192 ; 2,1,6,7,8,3,4,5 2,1,3,7,5,6,4,8 1,2,3,7,8,6,4,5 3,6,1,5,4,2,8,7 7,4,8,2,6,5,1,3 2,1,5,3,7,8,6,4 2,1,3,4,5,6,7,8
192 ; 2,1,6,7,8,3,4,5 2,1,3,7,5,6,4,8 1,2,3,7,8,6,4,5 3,6,1,5,4,2,8,7 7,4,8,2,6,5,1,3 2,1,5,3,7,8,6,4 5,8,2,3,4,1,6,7
192 ; 2,1,6,7,8,3,4,5 2,1,3,7,5,6,4,8 1,2,3,7,8,6,4,5 3,6,1,5,4,2,8,7 7,4,8,2,6,5,1,3 2,1,5,3,7,8,6,4 5,8,4,2,6,7,1,3
192 ; 2,1,6,7,8,3,4,5 2,1,3,7,5,6,4,8 7,4,3,2,5,6,1,8 7,4,8,2,6,5,1,3 7,1,3,4,6,8,2,5 1,7,5,4,6,8,2,3 5,8,1,6,7,2,3,4
288 ; 2,1,6,7,8,3,4,5 2,1,3,7,5,6,4,8 7,4,3,2,5,6,1,8 7,4,8,2,6,5,1,3 7,1,3,4,6,8,2,5 5,8,1,6,7,2,3,4 7,2,6,1,8,3,4,5
336 ; 2,1,6,7,8,3,4,5 5,4,7,1,2,3,8,6 6,3,2,7,5,1,4,8
384 ; 2,1,6,7,8,3,4,5 2,1,3,7,5,6,4,8 1,2,3,7,8,6,4,5 3,6,1,5,4,2,8,7 7,4,8,2,6,5,1,3 2,1,5,3,7,8,6,4 5,8,4,2,6,7,1,3 2,1,3,4,5,6,7,8
576 ; 2,1,6,7,8,3,4,5 2,1,3,7,5,6,4,8 7,4,3,2,5,6,1,8 7,4,8,2,6,5,1,3 7,1,3,4,6,8,2,5 5,8,1,6,7,2,3,4 7,2,6,1,8,3,4,5 6,3,7,8,2,4,5,1
576 ; 2,1,6,7,8,3,4,5 2,1,3,7,5,6,4,8 7,4,3,2,5,6,1,8 7,4,8,2,6,5,1,3 7,1,3,4,6,8,2,5 7,2,6,1,8,3,4,5 1,7,5,4,6,8,2,3 5,8,2,3,4,1,6,7
1152 ; 2,1,6,7,8,3,4,5 2,1,3,7,5,6,4,8 7,4,3,2,5,6,1,8 7,4,8,2,6,5,1,3 7,1,3,4,6,8,2,5 5,8,1,6,7,2,3,4 7,2,6,1,8,3,4,5 6,3,7,8,2,4,5,1 2,1,3,4,5,6,7,8
1344 ; 1,8,6,4,5,3,7,2 4,1,7,5,2,3,8,6
20160 ; 1,8,6,4,5,3,7,2 2,1,5,3,7,8,6,4
40320 ; 1,8,6,4,5,3,7,2 2,1,5,3,7,8,6,4 2,1,3,4,5,6,7,8
