# The 16 transitive groups of degree 6 up to conjugacy, computed by sagebrush-group
# (src/transitive.rs, from scratch); per line: order ; generators as image lists of 1..6
6 ; 3,4,5,6,1,2 6,1,2,3,4,5
6 ; 3,4,5,6,1,2 2,1,6,5,4,3
12 ; 3,4,5,6,1,2 1,6,5,4,3,2 6,1,2,3,4,5
12 ; 1,3,2,5,4,6 6,2,3,5,4,1 3,4,5,6,1,2
18 ; 3,4,5,6,1,2 2,1,6,5,4,3 1,4,3,6,5,2
24 ; 6,3,2,5,4,1 6,2,3,4,5,1 1,2,3,5,4,6 5,1,6,2,3,4
24 ; 1,3,2,5,4,6 6,2,3,5,4,1 3,4,5,6,1,2 3,6,1,5,4,2
24 ; 1,3,2,5,4,6 6,2,3,5,4,1 3,4,5,6,1,2 1,5,4,3,2,6
36 ; 3,4,5,6,1,2 2,1,6,5,4,3 1,4,3,6,5,2 6,1,2,3,4,5
36 ; 3,4,5,6,1,2 1,4,3,6,5,2 1,6,5,4,3,2 6,3,4,5,2,1
48 ; 6,3,2,5,4,1 6,2,3,4,5,1 1,2,3,5,4,6 5,1,6,2,3,4 3,6,1,5,4,2
60 ; 1,3,2,5,4,6 3,5,6,2,4,1
72 ; 3,4,5,6,1,2 2,1,6,5,4,3 1,4,3,6,5,2 6,1,2,3,4,5 5,2,3,4,1,6
120 ; 1,3,2,5,4,6 3,5,6,2,4,1 4,1,5,6,2,3
360 ; 1,3,2,5,4,6 5,1,6,2,4,3
720 ; 1,3,2,5,4,6 5,1,6,2,4,3 2,1,3,4,5,6
