# The 301 transitive groups of degree 12 up to conjugacy, computed by sagebrush-group
# (src/transitive.rs, from scratch).  Line k is the group nTk: the standard numbering
# and the names (last field) were matched against GAP's transitive groups library,
# used as an oracle (examples/label_tables.rs).  Per line:
# order ; generators as image lists of 1..12 ; name
12 ; 2,1,4,3,6,5,8,7,10,9,12,11 11,12,6,5,3,4,9,10,8,7,2,1 5,6,7,8,10,9,12,11,1,2,3,4 ; C(4)[x]C(3)
12 ; 2,1,4,3,6,5,8,7,10,9,12,11 7,8,5,6,3,4,1,2,11,12,9,10 5,6,9,10,11,12,3,4,1,2,7,8 ; E(4)[x]C(3)=6x2
12 ; 2,1,4,3,6,5,8,7,10,9,12,11 6,5,12,11,8,7,2,1,4,3,10,9 11,12,5,6,3,4,9,10,7,8,1,2 ; D_6(6)[x]2=1/2[3:2]E(4)
12 ; 8,7,4,3,10,9,2,1,6,5,12,11 7,8,11,12,6,5,1,2,10,9,3,4 6,5,2,1,3,4,9,10,11,12,7,8 ; A_4(12)
12 ; 2,1,4,3,6,5,8,7,10,9,12,11 6,5,12,11,8,7,2,1,4,3,10,9 11,12,6,5,3,4,9,10,8,7,2,1 ; 1/2[3:2]4
24 ; 2,1,4,3,6,5,8,7,10,9,12,11 8,7,4,3,10,9,2,1,6,5,12,11 7,8,11,12,6,5,1,2,10,9,3,4 11,12,9,10,2,1,4,3,7,8,5,6 ; A_4(12)x2
24 ; 2,1,4,3,6,5,8,7,10,9,12,11 8,7,4,3,10,9,2,1,6,5,12,11 1,2,11,12,9,10,7,8,5,6,3,4 4,3,6,5,2,1,12,11,8,7,10,9 ; A_4(6)[x]2=[1/8.2^6]3
24 ; 8,7,4,3,10,9,2,1,6,5,12,11 7,8,11,12,6,5,1,2,10,9,3,4 6,5,2,1,3,4,9,10,11,12,7,8 1,2,10,9,11,12,8,7,4,3,5,6 ; S_4(12d)
24 ; 1,2,3,4,6,5,8,7,10,9,12,11 2,1,4,3,5,6,7,8,10,9,12,11 10,9,12,11,3,4,2,1,7,8,6,5 4,3,2,1,9,10,12,11,5,6,8,7 ; 1/2[1/8.2^6]S(3)=S_4(12e)
24 ; 2,1,4,3,6,5,8,7,10,9,12,11 7,8,5,6,3,4,1,2,11,12,9,10 5,6,9,10,11,12,3,4,1,2,7,8 4,3,2,1,8,7,6,5,10,9,12,11 ; S(3)[x]E(4)
24 ; 2,1,4,3,6,5,8,7,10,9,12,11 11,12,6,5,3,4,9,10,8,7,2,1 5,6,7,8,10,9,12,11,1,2,3,4 3,4,2,1,11,12,10,9,7,8,6,5 ; S(3)[x]C(4)
24 ; 2,1,4,3,6,5,8,7,10,9,12,11 11,12,6,5,3,4,9,10,8,7,2,1 5,6,7,8,10,9,12,11,1,2,3,4 8,7,6,5,4,3,2,1,11,12,9,10 ; 1/2[3:2]cD(4)
24 ; 2,1,4,3,6,5,8,7,10,9,12,11 7,8,5,6,3,4,1,2,11,12,9,10 5,6,9,10,11,12,3,4,1,2,7,8 3,4,1,2,8,7,6,5,10,9,11,12 ; 1/2[3:2]eD(4)
24 ; 2,1,4,3,6,5,8,7,10,9,12,11 1,2,4,3,5,6,7,8,10,9,12,11 11,12,6,5,3,4,9,10,8,7,2,1 9,10,1,2,11,12,3,4,5,6,7,8 ; D(4)[x]C(3)
24 ; 2,1,4,3,6,5,8,7,10,9,12,11 1,2,4,3,5,6,7,8,10,9,12,11 5,6,12,11,8,7,2,1,4,3,10,9 4,3,1,2,10,9,11,12,5,6,8,7 ; 1/2[3:2]dD(4)
36 ; 4,3,10,9,11,12,6,5,1,2,8,7 9,10,2,1,5,6,7,8,4,3,11,12 12,11,8,7,3,4,1,2,6,5,10,9 10,9,4,3,12,11,8,7,2,1,6,5 ; [3^2]E(4)
36 ; 4,3,10,9,11,12,6,5,1,2,8,7 9,10,2,1,5,6,7,8,4,3,11,12 10,9,4,3,12,11,8,7,2,1,6,5 12,11,5,6,1,2,10,9,7,8,4,3 ; [3^2]4
36 ; 2,1,4,3,6,5,8,7,10,9,12,11 1,2,3,4,11,12,5,6,9,10,7,8 4,3,10,9,6,5,8,7,2,1,12,11 5,6,11,12,3,4,1,2,7,8,9,10 ; [3^2]E(4)
36 ; 2,1,4,3,6,5,8,7,10,9,12,11 1,2,3,4,11,12,5,6,9,10,7,8 4,3,10,9,6,5,8,7,2,1,12,11 11,12,5,6,4,3,10,9,7,8,2,1 ; [3^2]4
36 ; 3,1,2,6,4,5,8,9,7,12,10,11 7,9,8,11,12,10,1,3,2,6,4,5 11,12,10,8,7,9,4,6,5,2,3,1 9,8,7,5,6,4,11,10,12,2,3,1 ; A(4)[x]C(3)
48 ; 2,1,4,3,6,5,8,7,10,9,12,11 1,2,3,4,6,5,8,7,10,9,12,11 2,1,4,3,5,6,7,8,10,9,12,11 7,8,5,6,11,12,10,9,1,2,4,3 6,5,8,7,1,2,3,4,12,11,10,9 ; 1/2[1/4.2^6]S(3)
48 ; 2,1,4,3,6,5,8,7,10,9,12,11 8,7,4,3,10,9,2,1,6,5,12,11 7,8,11,12,6,5,1,2,10,9,3,4 11,12,9,10,2,1,4,3,7,8,5,6 8,7,9,10,3,4,1,2,12,11,6,5 ; S_4(12d)x2
48 ; 2,1,4,3,6,5,8,7,10,9,12,11 8,7,4,3,10,9,2,1,6,5,12,11 1,2,11,12,9,10,7,8,5,6,3,4 4,3,6,5,2,1,12,11,8,7,10,9 1,2,5,6,3,4,7,8,11,12,9,10 ; S_4(6d)[x]2=[1/8.2^6]S(3)
48 ; 2,1,4,3,6,5,8,7,10,9,12,11 8,7,4,3,10,9,2,1,6,5,12,11 1,2,11,12,9,10,7,8,5,6,3,4 4,3,6,5,2,1,12,11,8,7,10,9 7,8,5,6,3,4,1,2,11,12,9,10 ; S_4(6c)[x]2
48 ; 2,1,4,3,6,5,8,7,10,9,12,11 1,2,3,4,6,5,8,7,10,9,12,11 2,1,4,3,5,6,7,8,10,9,12,11 7,8,5,6,11,12,10,9,1,2,4,3 4,3,2,1,7,8,5,6,12,11,10,9 ; 2A_4(6)[x]2=[1/4.2^6]3
48 ; 2,1,4,3,6,5,8,7,10,9,12,11 1,2,3,4,9,10,8,7,5,6,12,11 2,1,4,3,9,10,12,11,5,6,8,7 4,3,2,1,5,6,12,11,9,10,8,7 10,9,5,6,7,8,3,4,11,12,2,1 ; A_4(12)x2^2
48 ; 2,1,4,3,6,5,8,7,10,9,12,11 8,7,4,3,10,9,2,1,6,5,12,11 7,8,11,12,6,5,1,2,10,9,3,4 11,12,9,10,2,1,4,3,7,8,5,6 11,12,2,1,5,6,3,4,10,9,8,7 ; [2]S_4(6)_2
48 ; 2,1,4,3,6,5,8,7,10,9,12,11 1,2,4,3,5,6,7,8,10,9,12,11 11,12,6,5,3,4,9,10,8,7,2,1 9,10,1,2,11,12,3,4,5,6,7,8 8,7,3,4,6,5,2,1,11,12,9,10 ; D(4)[x]S(3)
48 ; 2,1,4,3,6,5,8,7,10,9,12,11 1,2,3,4,6,5,8,7,10,9,12,11 3,4,2,1,11,12,10,9,7,8,6,5 3,4,2,1,12,11,10,9,7,8,5,6 6,5,12,11,8,7,2,1,4,3,10,9 ; [1/2.4^2]3
48 ; 2,1,4,3,6,5,8,7,10,9,12,11 1,2,3,4,6,5,8,7,10,9,12,11 2,1,4,3,5,6,7,8,10,9,12,11 7,8,5,6,11,12,10,9,1,2,4,3 6,5,7,8,2,1,3,4,11,12,10,9 ; 1/2[1/4.4^3]S(3)
48 ; 1,2,3,4,6,5,8,7,10,9,12,11 1,2,3,4,10,9,11,12,5,6,8,7 2,1,4,3,10,9,12,11,5,6,7,8 4,3,1,2,5,6,11,12,9,10,8,7 6,5,10,9,7,8,2,1,11,12,4,3 ; [4^2]3
48 ; 1,2,3,4,6,5,8,7,10,9,12,11 2,1,4,3,5,6,7,8,10,9,12,11 4,3,2,1,8,7,6,5,10,9,12,11 2,1,4,3,7,8,5,6,12,11,10,9 6,5,7,8,11,12,9,10,3,4,2,1 ; [E(4)^2]3
60 ; 8,7,4,3,10,9,2,1,6,5,12,11 3,4,9,10,5,6,2,1,11,12,8,7 ; A_5(12)
72 ; 4,3,10,9,11,12,6,5,1,2,8,7 9,10,2,1,5,6,7,8,4,3,11,12 4,3,2,1,11,12,7,8,9,10,5,6 12,11,8,7,10,9,1,2,6,5,3,4 2,1,4,3,12,11,8,7,10,9,6,5 ; F_36:2(12e)
72 ; 4,3,10,9,11,12,6,5,1,2,8,7 9,10,2,1,5,6,7,8,4,3,11,12 10,9,4,3,8,7,12,11,2,1,5,6 10,9,4,3,12,11,8,7,2,1,6,5 12,11,5,6,1,2,10,9,7,8,4,3 ; [D_6^2]2=D_6wr2
72 ; 4,3,10,9,11,12,6,5,1,2,8,7 9,10,2,1,5,6,7,8,4,3,11,12 10,9,1,2,11,12,7,8,3,4,5,6 10,9,4,3,12,11,8,7,2,1,6,5 12,11,5,6,1,2,10,9,7,8,4,3 ; F_36:2(12d)
72 ; 2,1,4,3,6,5,8,7,10,9,12,11 1,2,3,4,11,12,5,6,9,10,7,8 4,3,10,9,6,5,8,7,2,1,12,11 4,3,2,1,12,11,8,7,10,9,6,5 5,6,11,12,3,4,1,2,7,8,9,10 ; [3^2:2]E(4)
72 ; 2,1,4,3,6,5,8,7,10,9,12,11 1,2,3,4,11,12,5,6,9,10,7,8 4,3,10,9,6,5,8,7,2,1,12,11 2,1,10,9,7,8,5,6,4,3,11,12 5,6,11,12,3,4,1,2,7,8,9,10 ; 1/2[3^2:2]cD(4)
72 ; 2,1,4,3,6,5,8,7,10,9,12,11 1,2,3,4,11,12,5,6,9,10,7,8 4,3,10,9,6,5,8,7,2,1,12,11 11,12,5,6,4,3,10,9,7,8,2,1 4,3,2,1,12,11,8,7,10,9,6,5 ; [3^2:2]4
72 ; 2,1,4,3,6,5,8,7,10,9,12,11 1,2,3,4,11,12,5,6,9,10,7,8 4,3,10,9,6,5,8,7,2,1,12,11 4,3,2,1,12,11,8,7,10,9,6,5 6,5,12,11,10,9,2,1,8,7,4,3 ; F_36(6)[x]2
72 ; 2,1,4,3,6,5,8,7,10,9,12,11 1,2,3,4,11,12,5,6,9,10,7,8 4,3,10,9,6,5,8,7,2,1,12,11 4,3,2,1,12,11,8,7,10,9,6,5 6,5,12,11,9,10,1,2,8,7,3,4 ; 1/2[(1/4.2^3)^2]F_36(6)
72 ; 2,1,4,3,6,5,8,7,10,9,12,11 1,2,4,3,5,6,7,8,10,9,12,11 2,1,10,9,6,5,8,7,11,12,3,4 7,8,10,9,1,2,5,6,11,12,3,4 4,3,5,6,11,12,10,9,1,2,8,7 ; [3^2]D(4)=6wr2
72 ; 3,1,2,6,4,5,8,9,7,12,10,11 2,1,3,5,4,6,9,8,7,11,10,12 9,8,7,11,12,10,2,1,3,5,6,4 12,10,11,8,7,9,6,5,4,3,1,2 9,8,7,5,6,4,11,10,12,2,3,1 ; A(4)[x]S(3)
72 ; 3,1,2,6,4,5,8,9,7,12,10,11 7,9,8,11,12,10,1,3,2,6,4,5 11,12,10,8,7,9,4,6,5,2,3,1 9,8,7,5,6,4,11,10,12,2,3,1 3,2,1,4,6,5,12,10,11,8,9,7 ; 1/2[3:2]S(4)
72 ; 3,1,2,6,4,5,8,9,7,12,10,11 7,9,8,11,12,10,1,3,2,6,4,5 11,12,10,8,7,9,4,6,5,2,3,1 9,8,7,5,6,4,11,10,12,2,3,1 10,11,12,4,5,6,7,8,9,1,2,3 ; S(4)[x]C(3)
72 ; 3,1,2,4,5,6,9,7,8,12,10,11 1,2,3,6,4,5,8,9,7,12,10,11 2,1,3,5,4,6,9,8,7,11,10,12 8,7,9,12,10,11,2,3,1,4,6,5 10,12,11,3,2,1,5,4,6,9,7,8 ; [(1/3.3^3):2]4_4
72 ; 3,1,2,4,5,6,9,7,8,12,10,11 1,2,3,6,4,5,8,9,7,12,10,11 2,1,3,5,4,6,9,8,7,11,10,12 8,7,9,12,10,11,2,3,1,4,6,5 10,12,11,7,9,8,6,4,5,2,3,1 ; [(1/3.3^3):2]E(4)_4
96 ; 2,1,4,3,6,5,8,7,10,9,12,11 1,2,3,4,6,5,8,7,10,9,12,11 2,1,4,3,5,6,7,8,10,9,12,11 7,8,5,6,11,12,10,9,1,2,4,3 6,5,8,7,1,2,3,4,12,11,10,9 8,7,6,5,4,3,2,1,10,9,12,11 ; 2S_4(6)[x]2=[1/4.2^6]S(3)
96 ; 2,1,4,3,6,5,8,7,10,9,12,11 1,2,3,4,9,10,8,7,5,6,12,11 2,1,4,3,9,10,12,11,5,6,8,7 4,3,2,1,5,6,12,11,9,10,8,7 10,9,5,6,7,8,3,4,11,12,2,1 1,2,4,3,8,7,6,5,11,12,9,10 ; [2]2S_4(6)_2
96 ; 2,1,4,3,6,5,8,7,10,9,12,11 1,2,4,3,5,6,7,8,10,9,12,11 1,2,3,4,6,5,8,7,10,9,12,11 1,2,3,4,5,6,8,7,9,10,12,11 9,10,6,5,12,11,2,1,8,7,4,3 4,3,2,1,7,8,5,6,12,11,10,9 ; 1/2e[1/16.D(4)^3]S(3)
96 ; 2,1,4,3,6,5,8,7,10,9,12,11 1,2,4,3,5,6,7,8,10,9,12,11 1,2,3,4,6,5,8,7,10,9,12,11 1,2,3,4,5,6,8,7,9,10,12,11 4,3,2,1,9,10,12,11,5,6,8,7 7,8,11,12,3,4,5,6,1,2,9,10 ; [1/16.D(4)^3]3
96 ; 2,1,4,3,6,5,8,7,10,9,12,11 1,2,3,4,6,5,8,7,10,9,12,11 2,1,4,3,5,6,7,8,10,9,12,11 7,8,5,6,11,12,10,9,1,2,4,3 2,1,3,4,11,12,9,10,7,8,5,6 4,3,2,1,7,8,5,6,12,11,10,9 ; 1/2c[1/16.D(4)^3]S(3)
96 ; 2,1,4,3,6,5,8,7,10,9,12,11 1,2,3,4,6,5,8,7,10,9,12,11 3,4,2,1,11,12,10,9,7,8,6,5 3,4,2,1,12,11,10,9,7,8,5,6 6,5,12,11,8,7,2,1,4,3,10,9 11,12,6,5,3,4,9,10,8,7,2,1 ; [1/2.4^2]S(3)
96 ; 2,1,4,3,6,5,8,7,10,9,12,11 1,2,3,4,6,5,8,7,10,9,12,11 3,4,2,1,11,12,10,9,7,8,6,5 3,4,2,1,12,11,10,9,7,8,5,6 6,5,12,11,8,7,2,1,4,3,10,9 1,2,4,3,7,8,5,6,12,11,10,9 ; [(1/2.2^2)^3]D(6)_4
96 ; 2,1,4,3,6,5,8,7,10,9,12,11 1,2,3,4,6,5,8,7,10,9,12,11 2,1,4,3,11,12,10,9,7,8,6,5 2,1,4,3,12,11,10,9,7,8,5,6 4,3,1,2,11,12,7,8,9,10,6,5 6,5,12,11,8,7,2,1,4,3,10,9 ; [1/2.4^3]3
96 ; 2,1,4,3,6,5,8,7,10,9,12,11 1,2,3,4,6,5,8,7,10,9,12,11 2,1,4,3,5,6,7,8,10,9,12,11 4,3,2,1,8,7,6,5,10,9,12,11 2,1,4,3,7,8,5,6,12,11,10,9 7,8,5,6,11,12,10,9,1,2,4,3 ; [1/2.2^6]3
96 ; 2,1,4,3,6,5,8,7,10,9,12,11 1,2,3,4,6,5,8,7,10,9,12,11 4,3,1,2,7,8,5,6,9,10,12,11 2,1,4,3,5,6,7,8,10,9,12,11 2,1,3,4,8,7,5,6,12,11,10,9 7,8,5,6,11,12,10,9,1,2,4,3 ; [(1/2.2^2)^3]A_4(6)_4
96 ; 1,2,4,3,5,6,8,7,9,10,11,12 1,2,3,4,5,6,8,7,9,10,12,11 1,2,3,4,6,5,8,7,10,9,12,11 2,1,4,3,5,6,7,8,10,9,12,11 6,5,12,11,9,10,4,3,2,1,7,8 7,8,5,6,3,4,1,2,11,12,9,10 ; [2^4]6
96 ; 1,2,4,3,5,6,7,8,10,9,12,11 1,2,3,4,6,5,8,7,10,9,12,11 2,1,3,4,5,6,8,7,9,10,12,11 4,3,2,1,12,11,8,7,10,9,6,5 1,2,3,4,12,11,9,10,7,8,6,5 7,8,10,9,2,1,6,5,12,11,4,3 ; [2^3]A_4(6)
96 ; 1,2,3,4,6,5,8,7,10,9,12,11 2,1,3,4,7,8,5,6,9,10,12,11 1,2,4,3,6,5,7,8,11,12,9,10 2,1,4,3,5,6,7,8,10,9,12,11 4,3,2,1,7,8,5,6,12,11,10,9 10,9,12,11,3,4,2,1,7,8,6,5 ; [1/2[1/2.2^2]^3]2A_4(6)_4
96 ; 1,2,4,3,5,6,7,8,10,9,12,11 1,2,3,4,6,5,8,7,10,9,12,11 2,1,3,4,5,6,8,7,9,10,12,11 2,1,3,4,12,11,9,10,7,8,6,5 4,3,1,2,11,12,7,8,9,10,6,5 5,6,12,11,8,7,2,1,4,3,10,9 ; [2^3]A_4(6)_4
96 ; 1,2,3,4,6,5,8,7,10,9,12,11 1,2,3,4,10,9,11,12,5,6,8,7 2,1,4,3,10,9,12,11,5,6,7,8 4,3,1,2,5,6,11,12,9,10,8,7 6,5,10,9,7,8,2,1,11,12,4,3 6,5,10,9,2,1,7,8,4,3,11,12 ; [4^2]S(3)
96 ; 1,2,3,4,6,5,8,7,10,9,12,11 1,2,3,4,10,9,11,12,5,6,8,7 2,1,4,3,10,9,12,11,5,6,7,8 4,3,1,2,5,6,11,12,9,10,8,7 6,5,10,9,7,8,2,1,11,12,4,3 7,8,11,12,9,10,3,4,6,5,2,1 ; [1/2[1/2.2^2]^3]S_4(6d)_8b
96 ; 1,2,3,4,6,5,8,7,10,9,12,11 1,2,3,4,10,9,11,12,5,6,8,7 2,1,4,3,10,9,12,11,5,6,7,8 4,3,1,2,5,6,11,12,9,10,8,7 6,5,10,9,7,8,2,1,11,12,4,3 5,6,10,9,4,3,12,11,2,1,8,7 ; [1/2[1/2.2^2]^3]S_4(6d)_8a
96 ; 1,2,3,4,6,5,8,7,10,9,12,11 1,2,3,4,10,9,11,12,5,6,8,7 2,1,4,3,10,9,12,11,5,6,7,8 4,3,1,2,5,6,11,12,9,10,8,7 6,5,10,9,7,8,2,1,11,12,4,3 4,3,2,1,7,8,5,6,12,11,10,9 ; [1/2[1/2.2^2]^3]S_4(6c)_4
96 ; 1,2,3,4,6,5,8,7,10,9,12,11 2,1,4,3,5,6,7,8,10,9,12,11 4,3,2,1,8,7,6,5,10,9,12,11 2,1,4,3,7,8,5,6,12,11,10,9 6,5,7,8,11,12,9,10,3,4,2,1 4,3,1,2,12,11,9,10,5,6,8,7 ; [1/2[1/2.2^2]^3]S_4(6d)_2
96 ; 1,2,3,4,6,5,8,7,10,9,12,11 2,1,4,3,5,6,7,8,10,9,12,11 4,3,2,1,8,7,6,5,10,9,12,11 2,1,4,3,7,8,5,6,12,11,10,9 6,5,7,8,11,12,9,10,3,4,2,1 4,3,2,1,12,11,10,9,6,5,8,7 ; [E(4)^2]S(3)
96 ; 1,2,3,4,6,5,8,7,10,9,12,11 2,1,4,3,5,6,7,8,10,9,12,11 4,3,2,1,8,7,6,5,10,9,12,11 2,1,4,3,7,8,5,6,12,11,10,9 6,5,7,8,11,12,9,10,3,4,2,1 2,1,4,3,12,11,10,9,6,5,8,7 ; [1/2[1/2.2^2]^3]S_4(6c)
96 ; 1,2,4,3,5,6,8,7,9,10,11,12 1,2,3,4,5,6,8,7,9,10,12,11 1,2,3,4,6,5,8,7,10,9,12,11 2,1,4,3,5,6,7,8,10,9,12,11 6,5,12,11,9,10,4,3,2,1,7,8 4,3,2,1,7,8,5,6,12,11,10,9 ; [2^4]D_6(6)
108 ; 3,1,2,6,4,5,8,9,7,12,10,11 3,1,2,6,4,5,9,7,8,11,12,10 3,1,2,4,5,6,9,7,8,12,10,11 4,6,5,1,3,2,12,10,11,8,9,7 11,10,12,9,7,8,5,6,4,1,3,2 ; 1/2[3^3:2]E(4)
108 ; 3,1,2,6,4,5,8,9,7,12,10,11 3,1,2,6,4,5,9,7,8,11,12,10 3,1,2,4,5,6,9,7,8,12,10,11 4,6,5,1,3,2,12,10,11,8,9,7 11,12,10,8,7,9,4,6,5,2,3,1 ; [3^3]E(4)
108 ; 3,1,2,6,4,5,8,9,7,12,10,11 3,1,2,6,4,5,9,7,8,11,12,10 3,1,2,4,5,6,9,7,8,12,10,11 4,6,5,1,3,2,12,10,11,8,9,7 10,11,12,8,7,9,2,3,1,6,5,4 ; [3^3]4
108 ; 3,1,2,6,4,5,8,9,7,12,10,11 3,1,2,6,4,5,9,7,8,11,12,10 3,1,2,4,5,6,9,7,8,12,10,11 4,6,5,1,3,2,12,10,11,8,9,7 11,10,12,9,7,8,2,1,3,5,6,4 ; 1/2[3^3:2]4
120 ; 1,2,5,6,3,4,7,8,11,12,9,10 9,10,5,6,2,1,4,3,7,8,11,12 5,6,1,2,11,12,10,9,3,4,8,7 ; S_5(12)
120 ; 1,2,5,6,3,4,7,8,11,12,9,10 9,10,5,6,2,1,4,3,7,8,11,12 8,7,6,5,4,3,2,1,10,9,12,11 ; L(6)[x]2
120 ; 8,7,4,3,10,9,2,1,6,5,12,11 3,4,9,10,5,6,2,1,11,12,8,7 7,8,9,10,2,1,5,6,11,12,4,3 ; [2]L(6)_6
144 ; 2,1,4,3,6,5,8,7,10,9,12,11 1,2,3,4,11,12,5,6,9,10,7,8 4,3,10,9,6,5,8,7,2,1,12,11 4,3,2,1,12,11,8,7,10,9,6,5 6,5,12,11,10,9,2,1,8,7,4,3 3,4,1,2,5,6,7,8,9,10,11,12 ; [S(3)^2]E(4)
144 ; 2,1,4,3,6,5,8,7,10,9,12,11 1,2,3,4,11,12,5,6,9,10,7,8 2,1,4,3,7,8,5,6,10,9,11,12 10,9,1,2,11,12,7,8,3,4,5,6 10,9,4,3,6,5,12,11,2,1,8,7 12,11,7,8,9,10,1,2,6,5,4,3 ; [2]F_36:2_2{S_3^2}
144 ; 2,1,4,3,6,5,8,7,10,9,12,11 1,2,3,4,11,12,5,6,9,10,7,8 4,3,10,9,6,5,8,7,2,1,12,11 11,12,5,6,4,3,10,9,7,8,2,1 4,3,2,1,12,11,8,7,10,9,6,5 3,4,1,2,5,6,7,8,9,10,11,12 ; [S(3)^2]4
144 ; 2,1,4,3,6,5,8,7,10,9,12,11 1,2,3,4,11,12,5,6,9,10,7,8 2,1,4,3,7,8,5,6,10,9,11,12 10,9,1,2,11,12,7,8,3,4,5,6 10,9,4,3,6,5,12,11,2,1,8,7 6,5,7,8,4,3,9,10,12,11,1,2 ; [2]F_36:2_2{3^2:4}
144 ; 2,1,4,3,6,5,8,7,10,9,12,11 1,2,4,3,5,6,7,8,10,9,12,11 2,1,10,9,6,5,8,7,11,12,3,4 7,8,10,9,1,2,5,6,11,12,3,4 4,3,5,6,11,12,10,9,1,2,8,7 7,8,3,4,5,6,1,2,12,11,10,9 ; [3^2:2]D(4)
144 ; 2,1,4,3,6,5,8,7,10,9,12,11 1,2,4,3,5,6,7,8,10,9,12,11 2,1,10,9,6,5,8,7,11,12,3,4 7,8,10,9,1,2,5,6,11,12,3,4 7,8,3,4,5,6,1,2,12,11,10,9 4,3,5,6,11,12,10,9,7,8,2,1 ; [(1/4.2^3)^2]F_36(6)
144 ; 3,1,2,6,4,5,8,9,7,12,10,11 2,1,3,5,4,6,9,8,7,11,10,12 9,8,7,11,12,10,2,1,3,5,6,4 12,10,11,8,7,9,6,5,4,3,1,2 9,8,7,5,6,4,11,10,12,2,3,1 4,5,6,1,2,3,7,8,9,10,11,12 ; S(4)[x]S(3)
144 ; 3,1,2,4,5,6,9,7,8,12,10,11 11,10,12,4,5,6,7,9,8,2,1,3 1,2,3,6,4,5,8,9,7,12,10,11 11,12,10,4,6,5,7,8,9,3,1,2 1,2,3,9,7,8,5,6,4,10,12,11 8,9,7,2,1,3,12,11,10,5,4,6 ; [(1/3.3^3):2]D(4)_4
144 ; 2,1,4,3,8,7,6,5,9,10,11,12 1,2,3,4,8,7,6,5,12,11,10,9 3,4,1,2,7,8,5,6,9,10,11,12 2,1,4,3,7,8,5,6,11,12,9,10 5,8,7,6,11,9,12,10,4,2,1,3 5,7,6,8,9,12,11,10,2,3,1,4 ; [1/4E(4)^3:3]3
192 ; 2,1,4,3,6,5,8,7,10,9,12,11 1,2,4,3,5,6,7,8,10,9,12,11 1,2,3,4,6,5,8,7,10,9,12,11 1,2,3,4,5,6,8,7,9,10,12,11 4,3,2,1,9,10,12,11,5,6,8,7 7,8,11,12,3,4,5,6,1,2,9,10 12,11,8,7,6,5,4,3,10,9,2,1 ; [1/16.D(4)^3]S(3)
192 ; 2,1,4,3,6,5,8,7,10,9,12,11 1,2,3,4,6,5,8,7,10,9,12,11 1,2,4,3,6,5,8,7,10,9,11,12 2,1,4,3,5,6,7,8,10,9,12,11 2,1,3,4,5,6,8,7,10,9,12,11 7,8,5,6,3,4,1,2,11,12,9,10 5,6,9,10,11,12,3,4,1,2,7,8 ; [2^5]6
192 ; 2,1,4,3,6,5,8,7,10,9,12,11 1,2,4,3,5,6,7,8,10,9,12,11 1,2,3,4,6,5,8,7,10,9,12,11 1,2,3,4,5,6,8,7,9,10,12,11 4,3,2,1,6,5,12,11,10,9,8,7 3,4,1,2,9,10,8,7,5,6,12,11 9,10,6,5,12,11,2,1,8,7,4,3 ; [2^4]A_4(6)
192 ; 2,1,4,3,6,5,8,7,10,9,12,11 1,2,3,4,6,5,8,7,10,9,12,11 2,1,3,4,7,8,5,6,9,10,12,11 1,2,3,4,8,7,5,6,11,12,10,9 2,1,4,3,5,6,7,8,10,9,12,11 4,3,2,1,7,8,5,6,12,11,10,9 5,6,7,8,9,10,11,12,3,4,1,2 ; [(1/2.2^2)^3]2A_4(6)_4{n4}
192 ; 2,1,4,3,6,5,8,7,10,9,12,11 1,2,3,4,6,5,8,7,10,9,12,11 4,3,2,1,5,6,7,8,10,9,12,11 2,1,4,3,7,8,5,6,12,11,10,9 2,1,4,3,8,7,6,5,10,9,12,11 3,4,1,2,5,6,7,8,9,10,11,12 5,6,7,8,9,10,11,12,3,4,1,2 ; [E(4)^3]3=E(4)wr3
192 ; 2,1,4,3,6,5,8,7,10,9,12,11 1,2,3,4,6,5,8,7,10,9,12,11 4,3,1,2,7,8,5,6,9,10,12,11 2,1,4,3,5,6,7,8,10,9,12,11 2,1,3,4,8,7,5,6,12,11,10,9 7,8,5,6,11,12,10,9,1,2,4,3 4,3,2,1,7,8,5,6,12,11,10,9 ; [(1/2.2^2)^3]2A_4(6)_4{n2}
192 ; 2,1,4,3,6,5,8,7,10,9,12,11 1,2,4,3,5,6,7,8,10,9,12,11 1,2,3,4,6,5,8,7,10,9,12,11 1,2,3,4,5,6,8,7,9,10,12,11 1,2,4,3,9,10,12,11,5,6,8,7 4,3,1,2,5,6,11,12,9,10,8,7 9,10,6,5,12,11,2,1,8,7,4,3 ; [2^4]A_4(6)_4{n4}
192 ; 2,1,4,3,6,5,8,7,10,9,12,11 1,2,4,3,5,6,7,8,10,9,12,11 1,2,3,4,6,5,8,7,10,9,12,11 1,2,3,4,5,6,8,7,9,10,12,11 3,4,2,1,6,5,12,11,10,9,8,7 1,2,3,4,9,10,12,11,5,6,7,8 9,10,6,5,12,11,2,1,8,7,4,3 ; [2^4]A_4(6)_4{n2}
192 ; 2,1,4,3,6,5,8,7,10,9,12,11 1,2,3,4,6,5,8,7,10,9,12,11 3,4,2,1,11,12,10,9,7,8,6,5 3,4,2,1,12,11,10,9,7,8,5,6 4,3,1,2,5,6,7,8,9,10,11,12 1,2,3,4,11,12,7,8,9,10,6,5 6,5,12,11,8,7,2,1,4,3,10,9 ; [4^3]3=4wr3
192 ; 2,1,4,3,6,5,8,7,10,9,12,11 1,2,3,4,6,5,8,7,10,9,12,11 2,1,4,3,11,12,10,9,7,8,6,5 2,1,4,3,12,11,10,9,7,8,5,6 4,3,1,2,11,12,7,8,9,10,6,5 6,5,12,11,8,7,2,1,4,3,10,9 7,8,9,10,12,11,4,3,1,2,5,6 ; [1/2.4^3]S(3)
192 ; 2,1,4,3,6,5,8,7,10,9,12,11 1,2,3,4,6,5,8,7,10,9,12,11 2,1,4,3,11,12,10,9,7,8,6,5 2,1,4,3,12,11,10,9,7,8,5,6 4,3,1,2,11,12,7,8,9,10,6,5 6,5,12,11,8,7,2,1,4,3,10,9 1,2,4,3,7,8,5,6,12,11,10,9 ; [(1/2.2^2)^3]S_4(6d)_8
192 ; 2,1,4,3,6,5,8,7,10,9,12,11 1,2,3,4,6,5,8,7,10,9,12,11 2,1,4,3,11,12,10,9,7,8,6,5 2,1,4,3,12,11,10,9,7,8,5,6 4,3,1,2,11,12,7,8,9,10,6,5 6,5,12,11,8,7,2,1,4,3,10,9 4,3,2,1,7,8,5,6,12,11,10,9 ; [(1/2.2^2)^3]S_4(6c)_4
192 ; 2,1,4,3,6,5,8,7,10,9,12,11 1,2,3,4,6,5,8,7,10,9,12,11 2,1,4,3,11,12,10,9,7,8,6,5 2,1,4,3,12,11,10,9,7,8,5,6 4,3,1,2,11,12,7,8,9,10,6,5 6,5,12,11,8,7,2,1,4,3,10,9 10,9,7,8,5,6,1,2,3,4,11,12 ; 1/2[4^3]S(3)
192 ; 2,1,4,3,6,5,8,7,10,9,12,11 1,2,3,4,6,5,8,7,10,9,12,11 3,4,2,1,11,12,10,9,7,8,6,5 3,4,2,1,12,11,10,9,7,8,5,6 4,3,2,1,12,11,8,7,10,9,6,5 1,2,3,4,12,11,9,10,7,8,6,5 6,5,12,11,8,7,2,1,4,3,10,9 ; [(1/2.2^2)^3]2A_4(6)_2
192 ; 2,1,4,3,6,5,8,7,10,9,12,11 1,2,3,4,6,5,8,7,10,9,12,11 2,1,4,3,5,6,7,8,10,9,12,11 4,3,2,1,8,7,6,5,10,9,12,11 2,1,4,3,7,8,5,6,12,11,10,9 7,8,5,6,11,12,10,9,1,2,4,3 6,5,7,8,2,1,3,4,9,10,12,11 ; [(1/2.2^2)^3]S_4(6d)_2
192 ; 2,1,4,3,6,5,8,7,10,9,12,11 1,2,3,4,6,5,8,7,10,9,12,11 2,1,4,3,5,6,7,8,10,9,12,11 4,3,2,1,8,7,6,5,10,9,12,11 2,1,4,3,7,8,5,6,12,11,10,9 7,8,5,6,11,12,10,9,1,2,4,3 6,5,8,7,2,1,4,3,10,9,12,11 ; [1/2.2^6]S(3)
192 ; 2,1,4,3,6,5,8,7,10,9,12,11 1,2,3,4,6,5,8,7,10,9,12,11 2,1,4,3,5,6,7,8,10,9,12,11 4,3,2,1,8,7,6,5,10,9,12,11 2,1,4,3,7,8,5,6,12,11,10,9 7,8,5,6,11,12,10,9,1,2,4,3 6,5,7,8,2,1,3,4,11,12,10,9 ; [(1/2.2^2)^3]S_4(6c)_2
192 ; 2,1,4,3,6,5,8,7,10,9,12,11 1,2,3,4,6,5,8,7,10,9,12,11 2,1,4,3,5,6,7,8,10,9,12,11 4,3,2,1,8,7,6,5,10,9,12,11 2,1,4,3,7,8,5,6,12,11,10,9 7,8,5,6,11,12,10,9,1,2,4,3 7,8,5,6,3,4,1,2,11,12,9,10 ; 1/2[E(4)^3]S(3)
192 ; 2,1,4,3,6,5,8,7,10,9,12,11 1,2,3,4,6,5,8,7,10,9,12,11 4,3,1,2,7,8,5,6,9,10,12,11 4,3,1,2,8,7,5,6,11,12,10,9 2,1,4,3,5,6,7,8,10,9,12,11 1,2,4,3,8,7,6,5,10,9,12,11 6,5,7,8,9,10,11,12,3,4,1,2 ; [(1/2.2^2)^3]2A_4(6)_8
192 ; 2,1,4,3,6,5,8,7,10,9,12,11 1,2,3,4,6,5,8,7,10,9,12,11 1,2,4,3,6,5,8,7,10,9,11,12 2,1,4,3,5,6,7,8,10,9,12,11 2,1,3,4,5,6,8,7,10,9,12,11 8,7,5,6,3,4,1,2,11,12,9,10 6,5,9,10,11,12,3,4,1,2,7,8 ; 1/2[2^6]6
192 ; 2,1,4,3,6,5,8,7,10,9,12,11 1,2,3,4,6,5,8,7,10,9,12,11 1,2,4,3,6,5,8,7,10,9,11,12 2,1,4,3,5,6,7,8,10,9,12,11 2,1,3,4,5,6,8,7,10,9,12,11 6,5,12,11,8,7,2,1,4,3,10,9 12,11,6,5,3,4,9,10,8,7,2,1 ; [2^5]D_6(6)
192 ; 2,1,4,3,6,5,8,7,10,9,12,11 1,2,3,4,6,5,8,7,10,9,12,11 1,2,4,3,6,5,8,7,10,9,11,12 2,1,4,3,5,6,7,8,10,9,12,11 2,1,3,4,5,6,8,7,10,9,12,11 6,5,12,11,8,7,2,1,4,3,10,9 11,12,6,5,3,4,9,10,8,7,2,1 ; 1/2[2^6]D_6
192 ; 1,2,4,3,5,6,8,7,9,10,11,12 1,2,3,4,5,6,8,7,9,10,12,11 1,2,3,4,6,5,8,7,10,9,12,11 2,1,4,3,5,6,7,8,10,9,12,11 6,5,12,11,9,10,4,3,2,1,7,8 4,3,2,1,7,8,5,6,12,11,10,9 6,5,8,7,2,1,4,3,10,9,12,11 ; 1/2[2^5]D(6)
192 ; 1,2,4,3,5,6,8,7,9,10,11,12 1,2,3,4,5,6,8,7,9,10,12,11 1,2,3,4,6,5,8,7,10,9,12,11 2,1,4,3,5,6,7,8,10,9,12,11 6,5,12,11,9,10,4,3,2,1,7,8 9,10,11,12,6,5,7,8,2,1,3,4 4,3,2,1,7,8,5,6,12,11,10,9 ; [2^4]D(6)
192 ; 1,2,4,3,5,6,7,8,10,9,12,11 1,2,3,4,6,5,8,7,10,9,12,11 2,1,3,4,5,6,8,7,9,10,12,11 4,3,2,1,12,11,8,7,10,9,6,5 1,2,3,4,12,11,9,10,7,8,6,5 7,8,10,9,2,1,6,5,12,11,4,3 8,7,9,10,12,11,4,3,1,2,5,6 ; [2^3]S_4(6d)
192 ; 1,2,4,3,5,6,7,8,10,9,12,11 1,2,3,4,6,5,8,7,10,9,12,11 2,1,3,4,5,6,8,7,9,10,12,11 4,3,2,1,12,11,8,7,10,9,6,5 1,2,3,4,12,11,9,10,7,8,6,5 7,8,10,9,2,1,6,5,12,11,4,3 3,4,1,2,8,7,12,11,5,6,9,10 ; [2^3]S_4(6)_2
192 ; 1,2,3,4,6,5,8,7,10,9,12,11 2,1,3,4,7,8,5,6,9,10,12,11 1,2,4,3,6,5,7,8,11,12,9,10 2,1,4,3,5,6,7,8,10,9,12,11 4,3,2,1,7,8,5,6,12,11,10,9 10,9,12,11,3,4,2,1,7,8,6,5 6,5,8,7,2,1,4,3,10,9,12,11 ; [1/2[1/2.2^2]^3]2S_4(6)_8
192 ; 1,2,3,4,6,5,8,7,10,9,12,11 2,1,3,4,7,8,5,6,9,10,12,11 1,2,4,3,6,5,7,8,11,12,9,10 2,1,4,3,5,6,7,8,10,9,12,11 4,3,2,1,7,8,5,6,12,11,10,9 10,9,12,11,3,4,2,1,7,8,6,5 7,8,5,6,3,4,1,2,11,12,9,10 ; [1/2[1/2.2^2]^3]2S_4(6)_4
192 ; 1,2,4,3,5,6,7,8,10,9,12,11 1,2,3,4,6,5,8,7,10,9,12,11 2,1,3,4,5,6,8,7,9,10,12,11 2,1,3,4,12,11,9,10,7,8,6,5 4,3,1,2,11,12,7,8,9,10,6,5 5,6,12,11,8,7,2,1,4,3,10,9 6,5,11,12,2,1,7,8,10,9,3,4 ; [2^3]S_4(6)_4
192 ; 1,2,4,3,5,6,7,8,10,9,12,11 1,2,3,4,6,5,8,7,10,9,12,11 2,1,3,4,5,6,8,7,9,10,12,11 2,1,3,4,12,11,9,10,7,8,6,5 4,3,1,2,11,12,7,8,9,10,6,5 5,6,12,11,8,7,2,1,4,3,10,9 2,1,4,3,7,8,5,6,12,11,10,9 ; [2^3]S_4(6)_8
216 ; 3,1,2,6,4,5,8,9,7,12,10,11 3,1,2,6,4,5,9,7,8,11,12,10 1,2,3,4,5,6,11,12,10,9,7,8 3,1,2,4,5,6,9,7,8,12,10,11 4,6,5,1,3,2,12,10,11,8,9,7 10,11,12,8,7,9,2,3,1,6,5,4 ; [3^3]D(4)
216 ; 3,1,2,6,4,5,8,9,7,12,10,11 3,1,2,6,4,5,9,7,8,11,12,10 3,1,2,4,5,6,9,7,8,12,10,11 2,1,3,5,4,6,9,8,7,11,10,12 12,11,10,9,7,8,5,6,4,1,3,2 8,7,9,11,12,10,1,3,2,6,4,5 ; [3^3:2]E(4)
216 ; 3,1,2,6,4,5,8,9,7,12,10,11 3,1,2,6,4,5,9,7,8,11,12,10 3,1,2,4,5,6,9,7,8,12,10,11 4,6,5,1,3,2,12,10,11,8,9,7 2,1,3,6,5,4,11,10,12,7,9,8 11,10,12,9,7,8,2,1,3,5,6,4 ; 1/2[3^3:2]eD(4)
216 ; 3,1,2,6,4,5,8,9,7,12,10,11 3,1,2,6,4,5,9,7,8,11,12,10 3,1,2,4,5,6,9,7,8,12,10,11 2,1,3,5,4,6,9,8,7,11,10,12 12,11,10,9,7,8,5,6,4,1,3,2 9,7,8,2,1,3,12,10,11,6,5,4 ; [3^3:2]4
216 ; 3,1,2,6,4,5,8,9,7,12,10,11 3,1,2,6,4,5,9,7,8,11,12,10 3,1,2,4,5,6,9,7,8,12,10,11 4,6,5,1,3,2,12,10,11,8,9,7 2,1,3,6,5,4,11,10,12,7,9,8 12,11,10,9,7,8,5,6,4,1,3,2 ; 1/2[3^3:2]cD(4)
216 ; 3,1,2,6,4,5,8,9,7,12,10,11 3,1,2,6,4,5,9,7,8,11,12,10 1,2,3,4,5,6,11,12,10,9,7,8 3,1,2,4,5,6,9,7,8,12,10,11 4,6,5,1,3,2,12,10,11,8,9,7 11,10,12,9,7,8,5,6,4,1,3,2 ; 1/2[3^3:2]dD(4)
216 ; 3,1,2,4,5,6,9,7,8,12,10,11 1,2,3,6,4,5,8,9,7,12,10,11 2,1,3,5,4,6,9,8,7,11,10,12 8,7,9,12,10,11,2,3,1,4,6,5 10,12,11,7,9,8,6,4,5,2,3,1 11,12,10,4,5,6,3,1,2,7,8,9 ; [(1/3.3^3):2]A(4)_4
240 ; 1,2,5,6,3,4,7,8,11,12,9,10 9,10,5,6,2,1,4,3,7,8,11,12 5,6,1,2,11,12,10,9,3,4,8,7 8,7,6,5,4,3,2,1,10,9,12,11 ; L(6):2[x]2
240 ; 8,7,4,3,10,9,2,1,6,5,12,11 3,4,9,10,5,6,2,1,11,12,8,7 7,8,9,10,2,1,5,6,11,12,4,3 2,1,5,6,10,9,4,3,7,8,11,12 ; [2]L(6):2_12
288 ; 2,1,4,3,6,5,8,7,10,9,12,11 1,2,4,3,5,6,7,8,10,9,12,11 2,1,10,9,6,5,8,7,11,12,3,4 7,8,10,9,1,2,5,6,11,12,3,4 4,3,5,6,11,12,10,9,1,2,8,7 7,8,3,4,5,6,1,2,12,11,10,9 7,8,3,4,5,6,1,2,9,10,11,12 ; [S(3)^2]D(4)=D(6)wr2
288 ; 1,2,4,3,5,6,8,7,9,10,11,12 1,2,3,4,5,6,8,7,9,10,12,11 1,2,7,8,5,6,11,12,9,10,3,4 2,1,8,7,5,6,11,12,10,9,4,3 2,1,8,7,6,5,12,11,9,10,3,4 9,10,3,4,1,2,8,7,5,6,12,11 11,12,1,2,3,4,5,6,7,8,9,10 ; [A_4^2]2=A_4wr2
288 ; 2,1,4,3,8,7,6,5,9,10,11,12 1,2,3,4,8,7,6,5,12,11,10,9 3,4,1,2,7,8,5,6,9,10,11,12 2,1,4,3,7,8,5,6,11,12,9,10 5,8,7,6,11,9,12,10,4,2,1,3 5,7,6,8,9,12,11,10,2,3,1,4 2,1,3,4,9,10,11,12,5,6,7,8 ; [1/4E(4)^3:3]S(3)_2
288 ; 2,1,4,3,8,7,6,5,9,10,11,12 1,2,3,4,8,7,6,5,12,11,10,9 3,4,1,2,7,8,5,6,9,10,11,12 2,1,4,3,7,8,5,6,11,12,9,10 5,8,7,6,11,9,12,10,4,2,1,3 1,2,3,4,9,11,10,12,5,7,6,8 9,11,12,10,7,5,6,8,1,2,3,4 ; [1/4E(4)^3:3]S(3)
288 ; 2,1,4,3,8,7,6,5,9,10,11,12 1,2,3,4,8,7,6,5,12,11,10,9 3,4,1,2,7,8,5,6,9,10,11,12 2,1,4,3,7,8,5,6,11,12,9,10 5,8,7,6,11,9,12,10,4,2,1,3 5,7,6,8,9,12,11,10,2,3,1,4 11,10,9,12,3,1,2,4,5,6,7,8 ; [1/4E(4)^3:3:2]3
324 ; 3,1,2,6,4,5,8,9,7,12,10,11 3,1,2,6,4,5,9,7,8,11,12,10 3,1,2,4,5,6,9,7,8,12,10,11 4,6,5,1,3,2,12,10,11,8,9,7 11,12,10,8,7,9,4,6,5,2,3,1 3,1,2,4,5,6,7,8,9,10,11,12 ; [3^4]E(4)=3wrE(4)
324 ; 3,1,2,6,4,5,8,9,7,12,10,11 3,1,2,6,4,5,9,7,8,11,12,10 3,1,2,4,5,6,9,7,8,12,10,11 4,6,5,1,3,2,12,10,11,8,9,7 10,11,12,8,7,9,2,3,1,6,5,4 3,1,2,4,5,6,7,8,9,10,11,12 ; [3^4]4=3wr4
324 ; 3,1,2,6,4,5,8,9,7,12,10,11 3,1,2,6,4,5,9,7,8,11,12,10 3,1,2,4,5,6,9,7,8,12,10,11 4,6,5,1,3,2,12,10,11,8,9,7 11,12,10,8,7,9,4,6,5,2,3,1 5,4,6,7,9,8,3,1,2,11,12,10 ; 1/3[3^4]A(4)
324 ; 3,1,2,6,4,5,8,9,7,12,10,11 3,1,2,6,4,5,9,7,8,11,12,10 3,1,2,4,5,6,9,7,8,12,10,11 4,6,5,1,3,2,12,10,11,8,9,7 11,12,10,8,7,9,4,6,5,2,3,1 4,6,5,7,9,8,3,1,2,11,12,10 ; [3^3]A(4)
384 ; 2,1,4,3,6,5,8,7,10,9,12,11 1,2,4,3,5,6,7,8,10,9,12,11 1,2,3,4,6,5,8,7,10,9,12,11 1,2,3,4,5,6,8,7,9,10,12,11 4,3,2,1,9,10,12,11,5,6,8,7 2,1,3,4,5,6,7,8,9,10,11,12 1,2,4,3,6,5,8,7,10,9,11,12 7,8,11,12,3,4,5,6,1,2,9,10 ; [2^6]6=2wr6
384 ; 2,1,4,3,6,5,8,7,10,9,12,11 1,2,4,3,5,6,7,8,10,9,12,11 1,2,3,4,6,5,8,7,10,9,12,11 1,2,3,4,5,6,8,7,9,10,12,11 2,1,3,4,5,6,7,8,9,10,11,12 1,2,4,3,6,5,8,7,10,9,11,12 5,6,12,11,8,7,2,1,4,3,10,9 11,12,6,5,3,4,9,10,8,7,2,1 ; [2^6]D_6=2wrD_6(6)
384 ; 2,1,4,3,6,5,8,7,10,9,12,11 1,2,3,4,6,5,8,7,10,9,12,11 1,2,4,3,6,5,8,7,10,9,11,12 2,1,4,3,5,6,7,8,10,9,12,11 2,1,3,4,5,6,8,7,10,9,12,11 7,8,5,6,3,4,1,2,11,12,9,10 5,6,9,10,11,12,3,4,1,2,7,8 4,3,2,1,8,7,6,5,10,9,12,11 ; [2^5]D(6)
384 ; 2,1,4,3,6,5,8,7,10,9,12,11 1,2,4,3,5,6,7,8,10,9,12,11 1,2,3,4,6,5,8,7,10,9,12,11 1,2,3,4,5,6,8,7,9,10,12,11 4,3,2,1,6,5,12,11,10,9,8,7 3,4,1,2,9,10,8,7,5,6,12,11 9,10,6,5,12,11,2,1,8,7,4,3 6,5,10,9,4,3,12,11,2,1,8,7 ; [2^4]S_4(6d)
384 ; 2,1,4,3,6,5,8,7,10,9,12,11 1,2,3,4,6,5,8,7,10,9,12,11 2,1,3,4,7,8,5,6,9,10,12,11 1,2,3,4,8,7,5,6,11,12,10,9 2,1,4,3,5,6,7,8,10,9,12,11 4,3,2,1,7,8,5,6,12,11,10,9 5,6,7,8,9,10,11,12,3,4,1,2 8,7,6,5,4,3,2,1,10,9,12,11 ; [(1/2.2^2)^3]2S_4(6)_4
384 ; 2,1,4,3,6,5,8,7,10,9,12,11 1,2,3,4,6,5,8,7,10,9,12,11 4,3,2,1,5,6,7,8,10,9,12,11 2,1,4,3,7,8,5,6,12,11,10,9 2,1,4,3,8,7,6,5,10,9,12,11 3,4,1,2,5,6,7,8,9,10,11,12 5,6,7,8,9,10,11,12,3,4,1,2 6,5,8,7,2,1,4,3,10,9,12,11 ; [E(4)^3]S(3)=E(4)wrS(3)
384 ; 2,1,4,3,6,5,8,7,10,9,12,11 1,2,4,3,5,6,7,8,10,9,12,11 1,2,3,4,6,5,8,7,10,9,12,11 1,2,3,4,5,6,8,7,9,10,12,11 1,2,4,3,9,10,12,11,5,6,8,7 4,3,1,2,5,6,11,12,9,10,8,7 9,10,6,5,12,11,2,1,8,7,4,3 12,11,8,7,6,5,4,3,10,9,2,1 ; [2^4]S_4(6d)_4
384 ; 2,1,4,3,6,5,8,7,10,9,12,11 1,2,4,3,5,6,7,8,10,9,12,11 1,2,3,4,6,5,8,7,10,9,12,11 3,4,1,2,5,6,8,7,9,10,12,11 2,1,3,4,12,11,9,10,7,8,6,5 4,3,1,2,5,6,7,8,9,10,11,12 1,2,3,4,11,12,7,8,9,10,6,5 5,6,12,11,8,7,2,1,4,3,10,9 ; [1/4.cD(4)^3]3
384 ; 2,1,4,3,6,5,8,7,10,9,12,11 1,2,4,3,5,6,7,8,10,9,12,11 1,2,3,4,6,5,8,7,10,9,12,11 3,4,1,2,5,6,8,7,9,10,12,11 2,1,4,3,9,10,12,11,5,6,8,7 3,4,1,2,5,6,7,8,9,10,11,12 2,1,4,3,6,5,12,11,10,9,8,7 7,8,11,12,3,4,5,6,1,2,9,10 ; [1/4.eD(4)^3]3
384 ; 2,1,4,3,6,5,8,7,10,9,12,11 1,2,4,3,5,6,7,8,10,9,12,11 1,2,3,4,6,5,8,7,10,9,12,11 1,2,3,4,5,6,8,7,9,10,12,11 4,3,2,1,9,10,12,11,5,6,8,7 1,2,4,3,6,5,12,11,10,9,8,7 3,4,1,2,5,6,11,12,9,10,8,7 7,8,11,12,3,4,5,6,1,2,9,10 ; [2^4]2A_4(6)_4
384 ; 2,1,4,3,6,5,8,7,10,9,12,11 1,2,3,4,6,5,8,7,10,9,12,11 4,3,1,2,7,8,5,6,9,10,12,11 1,2,3,4,8,7,5,6,11,12,10,9 2,1,4,3,5,6,7,8,10,9,12,11 2,1,4,3,7,8,5,6,12,11,10,9 4,3,2,1,8,7,6,5,10,9,12,11 7,8,5,6,11,12,10,9,1,2,4,3 ; [2^5]A_4(6)
384 ; 2,1,4,3,6,5,8,7,10,9,12,11 1,2,3,4,6,5,8,7,10,9,12,11 1,2,4,3,6,5,8,7,10,9,11,12 2,1,4,3,5,6,7,8,10,9,12,11 2,1,3,4,5,6,8,7,10,9,12,11 7,8,5,6,3,4,1,2,11,12,9,10 5,6,9,10,11,12,3,4,1,2,7,8 3,4,2,1,8,7,6,5,10,9,12,11 ; 1/2[2^6]D(6)
384 ; 2,1,4,3,6,5,8,7,10,9,12,11 1,2,4,3,5,6,7,8,10,9,12,11 1,2,3,4,6,5,8,7,10,9,12,11 1,2,3,4,5,6,8,7,9,10,12,11 4,3,2,1,6,5,12,11,10,9,8,7 3,4,1,2,9,10,8,7,5,6,12,11 9,10,6,5,12,11,2,1,8,7,4,3 5,6,9,10,3,4,7,8,1,2,11,12 ; [2^4]S_4(6c)
384 ; 2,1,4,3,6,5,8,7,10,9,12,11 1,2,3,4,6,5,8,7,10,9,12,11 2,1,3,4,7,8,5,6,9,10,12,11 1,2,3,4,8,7,5,6,11,12,10,9 2,1,4,3,5,6,7,8,10,9,12,11 4,3,2,1,7,8,5,6,12,11,10,9 5,6,7,8,9,10,11,12,3,4,1,2 9,10,12,11,8,7,6,5,4,3,2,1 ; [(1/2.2^2)^3]2S_4(6)_8
384 ; 2,1,4,3,6,5,8,7,10,9,12,11 1,2,3,4,6,5,8,7,10,9,12,11 4,3,2,1,5,6,7,8,10,9,12,11 2,1,4,3,7,8,5,6,12,11,10,9 2,1,4,3,8,7,6,5,10,9,12,11 3,4,1,2,5,6,7,8,9,10,11,12 5,6,7,8,9,10,11,12,3,4,1,2 10,9,11,12,7,8,6,5,3,4,2,1 ; 1/2[1/4.eD(4)^3]S(3)
384 ; 2,1,4,3,6,5,8,7,10,9,12,11 1,2,4,3,5,6,7,8,10,9,12,11 1,2,3,4,6,5,8,7,10,9,12,11 1,2,3,4,5,6,8,7,9,10,12,11 1,2,4,3,9,10,12,11,5,6,8,7 4,3,1,2,5,6,11,12,9,10,8,7 9,10,6,5,12,11,2,1,8,7,4,3 6,5,9,10,3,4,7,8,1,2,11,12 ; [2^4]S_4(6c)_4
384 ; 2,1,4,3,6,5,8,7,10,9,12,11 1,2,3,4,6,5,8,7,10,9,12,11 3,4,2,1,11,12,10,9,7,8,6,5 3,4,2,1,12,11,10,9,7,8,5,6 4,3,1,2,5,6,7,8,9,10,11,12 1,2,3,4,11,12,7,8,9,10,6,5 6,5,12,11,8,7,2,1,4,3,10,9 10,9,7,8,5,6,1,2,3,4,11,12 ; [4^3]S(3)=4wrS(3)
384 ; 2,1,4,3,6,5,8,7,10,9,12,11 1,2,3,4,6,5,8,7,10,9,12,11 3,4,2,1,11,12,10,9,7,8,6,5 3,4,2,1,12,11,10,9,7,8,5,6 4,3,1,2,5,6,7,8,9,10,11,12 1,2,3,4,11,12,7,8,9,10,6,5 6,5,12,11,8,7,2,1,4,3,10,9 1,2,4,3,7,8,5,6,12,11,10,9 ; 1/2[1/4.cD(4)^3]S(3)
384 ; 2,1,4,3,6,5,8,7,10,9,12,11 1,2,3,4,6,5,8,7,10,9,12,11 3,4,2,1,11,12,10,9,7,8,6,5 3,4,2,1,12,11,10,9,7,8,5,6 4,3,2,1,12,11,8,7,10,9,6,5 1,2,3,4,12,11,9,10,7,8,6,5 6,5,12,11,8,7,2,1,4,3,10,9 9,10,7,8,5,6,1,2,3,4,11,12 ; [(1/2.2^2)^3]2S_4(6)_2{S_4(6c)}
384 ; 2,1,4,3,6,5,8,7,10,9,12,11 1,2,3,4,6,5,8,7,10,9,12,11 3,4,2,1,11,12,10,9,7,8,6,5 3,4,2,1,12,11,10,9,7,8,5,6 4,3,2,1,12,11,8,7,10,9,6,5 1,2,3,4,12,11,9,10,7,8,6,5 6,5,12,11,8,7,2,1,4,3,10,9 2,1,3,4,8,7,12,11,5,6,9,10 ; [(1/2.2^2)^3]2S_4(6)_2{S_4(6d)}
384 ; 2,1,4,3,6,5,8,7,10,9,12,11 1,2,3,4,6,5,8,7,10,9,12,11 1,2,4,3,6,5,8,7,10,9,11,12 2,1,4,3,5,6,7,8,10,9,12,11 2,1,3,4,5,6,8,7,10,9,12,11 8,7,5,6,3,4,1,2,11,12,9,10 6,5,9,10,11,12,3,4,1,2,7,8 3,4,2,1,8,7,6,5,10,9,12,11 ; [2^5]D(6)_2t
384 ; 2,1,4,3,6,5,8,7,10,9,12,11 1,2,3,4,6,5,8,7,10,9,12,11 1,2,4,3,6,5,8,7,10,9,11,12 2,1,4,3,5,6,7,8,10,9,12,11 2,1,3,4,5,6,8,7,10,9,12,11 8,7,5,6,3,4,1,2,11,12,9,10 6,5,9,10,11,12,3,4,1,2,7,8 4,3,2,1,8,7,6,5,10,9,12,11 ; [2^5]D(6)_2i
432 ; 3,1,2,6,4,5,8,9,7,12,10,11 3,1,2,6,4,5,9,7,8,11,12,10 1,2,3,4,5,6,11,12,10,9,7,8 3,1,2,4,5,6,9,7,8,12,10,11 2,1,3,5,4,6,9,8,7,11,10,12 4,6,5,1,3,2,12,10,11,8,9,7 12,11,10,9,7,8,5,6,4,1,3,2 ; [3^3:2]D(4)
432 ; 3,1,2,4,5,6,9,7,8,12,10,11 1,2,3,6,4,5,8,9,7,12,10,11 2,1,3,5,4,6,9,8,7,11,10,12 8,7,9,12,10,11,2,3,1,4,6,5 10,12,11,7,9,8,6,4,5,2,3,1 11,12,10,4,5,6,3,1,2,7,8,9 6,5,4,2,1,3,9,7,8,12,11,10 ; [(1/3.3^3):2]S(4)_4
576 ; 2,1,4,3,6,5,8,7,10,9,12,11 1,2,3,4,6,5,8,7,10,9,12,11 1,2,4,3,6,5,8,7,10,9,11,12 12,11,2,1,6,5,8,7,10,9,4,3 4,3,12,11,5,6,8,7,9,10,2,1 2,1,4,3,5,6,7,8,10,9,12,11 12,11,2,1,10,9,6,5,8,7,4,3 5,6,9,10,11,12,3,4,1,2,7,8 ; [2^5]F_18(6)
576 ; 2,1,4,3,6,5,8,7,10,9,12,11 1,2,3,4,6,5,8,7,10,9,12,11 1,2,4,3,6,5,8,7,10,9,11,12 12,11,2,1,6,5,8,7,10,9,4,3 4,3,12,11,5,6,8,7,9,10,2,1 2,1,4,3,5,6,7,8,10,9,12,11 12,11,2,1,10,9,6,5,8,7,4,3 6,5,9,10,11,12,3,4,1,2,7,8 ; [2^5]F_18(6)_2
576 ; 1,2,4,3,5,6,8,7,9,10,11,12 1,2,3,4,5,6,8,7,9,10,12,11 1,2,7,8,5,6,11,12,9,10,3,4 2,1,8,7,5,6,11,12,10,9,4,3 2,1,8,7,6,5,12,11,9,10,3,4 9,10,3,4,1,2,8,7,5,6,12,11 6,5,8,7,2,1,4,3,10,9,12,11 3,4,10,9,8,7,6,5,12,11,2,1 ; 1/2[S_4(6c)^2]2
576 ; 1,2,4,3,5,6,8,7,9,10,11,12 1,2,3,4,5,6,8,7,9,10,12,11 1,2,7,8,5,6,11,12,9,10,3,4 2,1,8,7,5,6,11,12,10,9,4,3 2,1,8,7,6,5,12,11,9,10,3,4 9,10,3,4,1,2,8,7,5,6,12,11 6,5,8,7,2,1,4,3,10,9,12,11 11,12,1,2,3,4,5,6,7,8,9,10 ; [1/2.S_4(6c)^2]2
576 ; 1,2,4,3,5,6,8,7,9,10,11,12 1,2,3,4,5,6,8,7,9,10,12,11 1,2,7,8,5,6,11,12,9,10,3,4 2,1,8,7,5,6,11,12,10,9,4,3 2,1,8,7,6,5,12,11,9,10,3,4 9,10,3,4,1,2,8,7,5,6,12,11 9,10,11,12,6,5,7,8,2,1,3,4 4,3,10,9,8,7,6,5,12,11,2,1 ; [2^4]F_36(6)
576 ; 1,2,4,3,5,6,8,7,9,10,11,12 1,2,3,4,5,6,8,7,9,10,12,11 1,2,7,8,5,6,11,12,9,10,3,4 2,1,8,7,5,6,11,12,10,9,4,3 2,1,8,7,6,5,12,11,9,10,3,4 9,10,3,4,1,2,8,7,5,6,12,11 9,10,11,12,6,5,7,8,2,1,3,4 11,12,1,2,3,4,5,6,7,8,9,10 ; [2^4]F_18(6):2
576 ; 2,1,4,3,8,7,6,5,9,10,11,12 1,2,3,4,8,7,6,5,12,11,10,9 3,4,1,2,7,8,5,6,11,12,9,10 2,1,4,3,8,7,6,5,12,11,10,9 1,2,3,4,5,6,7,8,11,12,9,10 3,4,1,2,8,7,6,5,12,11,10,9 1,3,4,2,5,7,8,6,12,10,9,11 9,10,11,12,1,2,3,4,5,6,7,8 ; [1/9.A(4)^3]3
576 ; 2,1,4,3,8,7,6,5,9,10,11,12 1,2,3,4,8,7,6,5,12,11,10,9 3,4,1,2,7,8,5,6,9,10,11,12 2,1,4,3,7,8,5,6,11,12,9,10 5,8,7,6,11,9,12,10,4,2,1,3 1,2,3,4,9,11,10,12,5,7,6,8 9,11,12,10,7,5,6,8,1,2,3,4 7,5,6,8,2,3,1,4,9,12,11,10 ; [1/4E(4)^3:3:2]3
576 ; 2,1,4,3,8,7,6,5,9,10,11,12 1,2,3,4,8,7,6,5,12,11,10,9 3,4,1,2,7,8,5,6,11,12,9,10 2,1,4,3,8,7,6,5,12,11,10,9 1,2,3,4,5,6,7,8,11,12,9,10 3,4,1,2,8,7,6,5,12,11,10,9 1,3,4,2,5,7,8,6,12,10,9,11 9,11,12,10,1,2,3,4,5,6,7,8 ; [1/9.A(4)^3]3_3
648 ; 3,1,2,6,4,5,8,9,7,12,10,11 3,1,2,6,4,5,9,7,8,11,12,10 1,2,3,4,5,6,11,12,10,9,7,8 3,1,2,4,5,6,9,7,8,12,10,11 4,6,5,1,3,2,12,10,11,8,9,7 10,11,12,8,7,9,2,3,1,6,5,4 3,1,2,4,5,6,7,8,9,10,11,12 ; [3^4]D(4)=3wrD(4)
648 ; 3,1,2,6,4,5,8,9,7,12,10,11 3,1,2,6,4,5,9,7,8,11,12,10 3,1,2,4,5,6,9,7,8,12,10,11 4,6,5,1,3,2,12,10,11,8,9,7 11,12,10,8,7,9,4,6,5,2,3,1 3,1,2,4,5,6,7,8,9,10,11,12 11,10,12,9,7,8,5,6,4,1,3,2 ; [3^4:2]E(4)
648 ; 3,1,2,6,4,5,8,9,7,12,10,11 3,1,2,6,4,5,9,7,8,11,12,10 3,1,2,4,5,6,9,7,8,12,10,11 4,6,5,1,3,2,12,10,11,8,9,7 11,12,10,8,7,9,4,6,5,2,3,1 3,1,2,4,5,6,7,8,9,10,11,12 2,1,3,11,12,10,7,9,8,6,4,5 ; 1/2[3^4:2]cD(4)
648 ; 3,1,2,6,4,5,8,9,7,12,10,11 3,1,2,6,4,5,9,7,8,11,12,10 3,1,2,4,5,6,9,7,8,12,10,11 4,6,5,1,3,2,12,10,11,8,9,7 10,11,12,8,7,9,2,3,1,6,5,4 3,1,2,4,5,6,7,8,9,10,11,12 11,10,12,9,7,8,2,1,3,5,6,4 ; [3^4:2]4
648 ; 3,1,2,6,4,5,8,9,7,12,10,11 3,1,2,6,4,5,9,7,8,11,12,10 3,1,2,4,5,6,9,7,8,12,10,11 4,6,5,1,3,2,12,10,11,8,9,7 3,1,2,4,5,6,7,8,9,10,11,12 4,5,6,3,1,2,11,10,12,9,8,7 11,10,12,8,9,7,4,6,5,3,1,2 ; [3^4:2]E(4)_2
648 ; 3,1,2,6,4,5,8,9,7,12,10,11 3,1,2,6,4,5,9,7,8,11,12,10 3,1,2,4,5,6,9,7,8,12,10,11 4,6,5,1,3,2,12,10,11,8,9,7 3,1,2,4,5,6,7,8,9,10,11,12 4,5,6,3,1,2,11,10,12,9,8,7 8,7,9,10,12,11,3,1,2,5,6,4 ; 1/2[3^4:2^2]E(4)
648 ; 3,1,2,6,4,5,8,9,7,12,10,11 3,1,2,6,4,5,9,7,8,11,12,10 3,1,2,4,5,6,9,7,8,12,10,11 3,1,2,4,5,6,7,8,9,10,11,12 2,1,3,5,4,6,9,8,7,11,10,12 5,4,6,3,1,2,11,12,10,7,9,8 8,7,9,10,11,12,4,5,6,1,2,3 ; [3^4:2]4_4
648 ; 3,1,2,6,4,5,8,9,7,12,10,11 3,1,2,6,4,5,9,7,8,11,12,10 3,1,2,4,5,6,9,7,8,12,10,11 3,1,2,4,5,6,7,8,9,10,11,12 2,1,3,5,4,6,9,8,7,11,10,12 5,4,6,3,1,2,11,12,10,7,9,8 11,10,12,8,9,7,4,6,5,3,1,2 ; [3^4:2]E(4)_4
648 ; 3,1,2,6,4,5,8,9,7,12,10,11 3,1,2,6,4,5,9,7,8,11,12,10 3,1,2,4,5,6,9,7,8,12,10,11 4,6,5,1,3,2,12,10,11,8,9,7 11,12,10,8,7,9,4,6,5,2,3,1 4,6,5,7,9,8,3,1,2,11,12,10 10,11,12,4,5,6,7,8,9,1,2,3 ; [3^3]S(4)
648 ; 3,1,2,6,4,5,8,9,7,12,10,11 3,1,2,6,4,5,9,7,8,11,12,10 3,1,2,4,5,6,9,7,8,12,10,11 2,1,3,5,4,6,9,8,7,11,10,12 12,11,10,9,7,8,5,6,4,1,3,2 8,7,9,11,12,10,1,3,2,6,4,5 9,8,7,3,1,2,5,6,4,10,12,11 ; [3^3:2]A(4)
648 ; 3,1,2,6,4,5,8,9,7,12,10,11 3,1,2,6,4,5,9,7,8,11,12,10 3,1,2,4,5,6,9,7,8,12,10,11 4,6,5,1,3,2,12,10,11,8,9,7 11,12,10,8,7,9,4,6,5,2,3,1 5,4,6,7,9,8,3,1,2,11,12,10 2,1,3,11,12,10,7,9,8,6,4,5 ; [3^3]S(4)_6
648 ; 3,1,2,6,4,5,8,9,7,12,10,11 3,1,2,6,4,5,9,7,8,11,12,10 3,1,2,4,5,6,9,7,8,12,10,11 4,6,5,1,3,2,12,10,11,8,9,7 11,12,10,8,7,9,4,6,5,2,3,1 4,6,5,7,9,8,3,1,2,11,12,10 2,1,3,11,12,10,7,9,8,6,4,5 ; 1/2[3^3:2]S(4)
660 ; 2,3,4,5,6,7,8,9,10,11,1,12 12,11,6,8,9,3,10,4,5,7,2,1 1,5,9,2,6,10,3,7,11,4,8,12 ; L(2,11)
720 ; 1,2,5,6,3,4,7,8,11,12,9,10 3,4,1,2,8,7,12,11,5,6,9,10 10,9,12,11,2,1,8,7,4,3,6,5 ; A(6)[x]2
720 ; 2,1,4,3,5,6,9,8,7,10,12,11 5,4,6,3,1,2,10,12,8,7,9,11 8,12,7,9,11,10,6,1,2,3,5,4 ; M_10(12)=[A_6[1/360]{M_10}A_6]2_2
720 ; 2,1,4,3,5,6,9,8,7,10,12,11 6,5,4,2,3,1,10,11,7,12,8,9 7,8,9,10,11,12,1,2,3,4,5,6 ; PGL(2,9)(12)=[A_6[1/360]{M_10}A_6]2
720 ; 1,2,5,6,3,4,7,8,11,12,9,10 3,4,1,2,8,7,12,11,5,6,9,10 2,1,4,3,12,11,8,7,10,9,6,5 ; S_6(12)
768 ; 2,1,4,3,6,5,8,7,10,9,12,11 1,2,3,4,6,5,8,7,10,9,12,11 4,3,1,2,7,8,5,6,9,10,12,11 1,2,3,4,8,7,5,6,11,12,10,9 2,1,4,3,5,6,7,8,10,9,12,11 2,1,4,3,7,8,5,6,12,11,10,9 4,3,2,1,8,7,6,5,10,9,12,11 7,8,5,6,11,12,10,9,1,2,4,3 6,5,8,7,2,1,4,3,10,9,12,11 ; [2^5]S_4(6d)
768 ; 2,1,4,3,6,5,8,7,10,9,12,11 1,2,4,3,5,6,7,8,10,9,12,11 1,2,3,4,6,5,8,7,10,9,12,11 3,4,1,2,5,6,8,7,9,10,12,11 2,1,3,4,12,11,9,10,7,8,6,5 4,3,1,2,5,6,7,8,9,10,11,12 1,2,3,4,11,12,7,8,9,10,6,5 5,6,12,11,8,7,2,1,4,3,10,9 8,7,10,9,5,6,3,4,2,1,12,11 ; [1/4.cD(4)^3]S(3)
768 ; 2,1,4,3,6,5,8,7,10,9,12,11 1,2,4,3,5,6,7,8,10,9,12,11 1,2,3,4,6,5,8,7,10,9,12,11 3,4,1,2,5,6,8,7,9,10,12,11 2,1,4,3,9,10,12,11,5,6,8,7 3,4,1,2,5,6,7,8,9,10,11,12 2,1,4,3,6,5,12,11,10,9,8,7 7,8,11,12,3,4,5,6,1,2,9,10 12,11,8,7,6,5,4,3,10,9,2,1 ; [1/4.eD(4)^3]S(3)
768 ; 2,1,4,3,6,5,8,7,10,9,12,11 1,2,3,4,6,5,8,7,10,9,12,11 4,3,1,2,7,8,5,6,9,10,12,11 3,4,1,2,8,7,5,6,11,12,10,9 4,3,2,1,5,6,7,8,10,9,12,11 3,4,1,2,5,6,7,8,9,10,11,12 2,1,4,3,7,8,5,6,12,11,10,9 2,1,4,3,8,7,6,5,10,9,12,11 5,6,7,8,9,10,11,12,3,4,1,2 ; [2^5]2A_4(6)
768 ; 2,1,4,3,6,5,8,7,10,9,12,11 1,2,4,3,5,6,7,8,10,9,12,11 1,2,3,4,6,5,8,7,10,9,12,11 1,2,3,4,5,6,8,7,9,10,12,11 1,2,4,3,9,10,12,11,5,6,8,7 1,2,4,3,6,5,8,7,10,9,11,12 4,3,2,1,6,5,12,11,10,9,8,7 2,1,3,4,5,6,7,8,9,10,11,12 9,10,6,5,12,11,2,1,8,7,4,3 ; [2^6]A_4=2wrA_4(6)
768 ; 2,1,4,3,6,5,8,7,10,9,12,11 1,2,3,4,6,5,8,7,10,9,12,11 4,3,1,2,7,8,5,6,9,10,12,11 4,3,1,2,8,7,5,6,11,12,10,9 3,4,2,1,5,6,7,8,10,9,12,11 4,3,1,2,5,6,7,8,9,10,11,12 2,1,4,3,7,8,5,6,12,11,10,9 1,2,4,3,8,7,6,5,10,9,12,11 6,5,7,8,9,10,11,12,3,4,1,2 ; [1/2.cD(4)^3]3
768 ; 2,1,4,3,6,5,8,7,10,9,12,11 1,2,3,4,6,5,8,7,10,9,12,11 4,3,1,2,7,8,5,6,9,10,12,11 1,2,3,4,8,7,5,6,11,12,10,9 2,1,4,3,5,6,7,8,10,9,12,11 2,1,4,3,7,8,5,6,12,11,10,9 4,3,2,1,8,7,6,5,10,9,12,11 7,8,5,6,11,12,10,9,1,2,4,3 5,6,8,7,2,1,4,3,10,9,12,11 ; 1/2[2^6]S_4(6d)
768 ; 2,1,4,3,6,5,8,7,10,9,12,11 1,2,3,4,6,5,8,7,10,9,12,11 4,3,1,2,7,8,5,6,9,10,12,11 1,2,3,4,8,7,5,6,11,12,10,9 2,1,4,3,5,6,7,8,10,9,12,11 2,1,4,3,7,8,5,6,12,11,10,9 4,3,2,1,8,7,6,5,10,9,12,11 7,8,5,6,11,12,10,9,1,2,4,3 7,8,5,6,3,4,1,2,11,12,9,10 ; [2^5]S_4(6c)
768 ; 2,1,4,3,6,5,8,7,10,9,12,11 1,2,3,4,6,5,8,7,10,9,12,11 4,3,1,2,7,8,5,6,9,10,12,11 1,2,3,4,8,7,5,6,11,12,10,9 2,1,4,3,5,6,7,8,10,9,12,11 2,1,4,3,7,8,5,6,12,11,10,9 4,3,2,1,8,7,6,5,10,9,12,11 7,8,5,6,11,12,10,9,1,2,4,3 8,7,5,6,3,4,1,2,11,12,9,10 ; 1/2[2^6]S_4(6c)
768 ; 2,1,4,3,6,5,8,7,10,9,12,11 1,2,4,3,5,6,7,8,10,9,12,11 1,2,3,4,6,5,8,7,10,9,12,11 1,2,3,4,5,6,8,7,9,10,12,11 4,3,2,1,9,10,12,11,5,6,8,7 2,1,3,4,5,6,7,8,9,10,11,12 1,2,4,3,6,5,8,7,10,9,11,12 7,8,11,12,3,4,5,6,1,2,9,10 11,12,8,7,6,5,4,3,10,9,2,1 ; [2^6]D(6)=2wrD(6)
972 ; 3,1,2,6,4,5,8,9,7,12,10,11 3,1,2,6,4,5,9,7,8,11,12,10 3,1,2,4,5,6,9,7,8,12,10,11 4,6,5,1,3,2,12,10,11,8,9,7 11,12,10,8,7,9,4,6,5,2,3,1 4,6,5,7,9,8,3,1,2,11,12,10 3,1,2,4,5,6,7,8,9,10,11,12 ; [3^4]A(4)=3wrA(4)
1152 ; 2,1,4,3,6,5,8,7,10,9,12,11 1,2,3,4,6,5,8,7,10,9,12,11 1,2,4,3,6,5,8,7,10,9,11,12 12,11,2,1,6,5,8,7,10,9,4,3 4,3,12,11,5,6,8,7,9,10,2,1 2,1,4,3,5,6,7,8,10,9,12,11 12,11,2,1,10,9,6,5,8,7,4,3 1,2,11,12,5,6,9,10,7,8,3,4 5,6,9,10,11,12,3,4,1,2,7,8 ; [2^5]F_18(6):2
1152 ; 2,1,4,3,6,5,8,7,10,9,12,11 1,2,3,4,6,5,8,7,10,9,12,11 1,2,4,3,6,5,8,7,10,9,11,12 12,11,2,1,6,5,8,7,10,9,4,3 4,3,12,11,5,6,8,7,9,10,2,1 2,1,4,3,5,6,7,8,10,9,12,11 12,11,2,1,10,9,6,5,8,7,4,3 2,1,11,12,5,6,9,10,7,8,3,4 5,6,9,10,11,12,3,4,1,2,7,8 ; [2^5]F_18:2_2
1152 ; 2,1,4,3,6,5,8,7,10,9,12,11 1,2,3,4,6,5,8,7,10,9,12,11 1,2,4,3,6,5,8,7,10,9,11,12 12,11,2,1,6,5,8,7,10,9,4,3 4,3,12,11,5,6,8,7,9,10,2,1 2,1,4,3,5,6,7,8,10,9,12,11 12,11,2,1,10,9,6,5,8,7,4,3 1,2,11,12,5,6,9,10,7,8,3,4 6,5,9,10,11,12,3,4,1,2,7,8 ; 1/2[2^6]F_18:2
1152 ; 2,1,4,3,6,5,8,7,10,9,12,11 1,2,3,4,6,5,8,7,10,9,12,11 1,2,4,3,6,5,8,7,10,9,11,12 12,11,2,1,6,5,8,7,10,9,4,3 4,3,12,11,5,6,8,7,9,10,2,1 2,1,4,3,5,6,7,8,10,9,12,11 12,11,2,1,10,9,6,5,8,7,4,3 1,2,11,12,5,6,9,10,7,8,3,4 7,8,10,9,4,3,2,1,12,11,6,5 ; 1/2[2^6]F_36
1152 ; 2,1,4,3,6,5,8,7,10,9,12,11 1,2,3,4,6,5,8,7,10,9,12,11 1,2,4,3,6,5,8,7,10,9,11,12 12,11,2,1,6,5,8,7,10,9,4,3 4,3,12,11,5,6,8,7,9,10,2,1 2,1,4,3,5,6,7,8,10,9,12,11 12,11,2,1,10,9,6,5,8,7,4,3 1,2,11,12,5,6,9,10,7,8,3,4 8,7,10,9,4,3,2,1,12,11,6,5 ; [2^5]F_36(6)
1152 ; 1,2,4,3,5,6,8,7,9,10,11,12 1,2,3,4,5,6,8,7,9,10,12,11 1,2,7,8,5,6,11,12,9,10,3,4 1,2,12,11,5,6,8,7,9,10,4,3 1,2,4,3,6,5,12,11,10,9,8,7 2,1,8,7,5,6,11,12,10,9,4,3 9,10,3,4,1,2,8,7,5,6,12,11 10,9,3,4,5,6,7,8,1,2,11,12 11,12,1,2,3,4,5,6,7,8,9,10 ; [S_4(6c)^2]2=S_4(6c)wr2
1152 ; 1,2,4,3,5,6,8,7,9,10,11,12 1,2,3,4,5,6,8,7,9,10,12,11 1,2,7,8,5,6,11,12,9,10,3,4 1,2,11,12,6,5,8,7,9,10,4,3 2,1,8,7,6,5,12,11,9,10,3,4 2,1,8,7,5,6,11,12,10,9,4,3 9,10,3,4,1,2,8,7,5,6,12,11 6,5,8,7,2,1,4,3,10,9,12,11 11,12,1,2,3,4,5,6,7,8,9,10 ; [2^4]F_36:2_4
1152 ; 1,2,4,3,5,6,8,7,9,10,11,12 1,2,3,4,5,6,8,7,9,10,12,11 1,2,7,8,5,6,11,12,9,10,3,4 1,2,7,8,6,5,3,4,9,10,12,11 2,1,12,11,5,6,8,7,9,10,4,3 2,1,4,3,6,5,12,11,10,9,8,7 9,10,3,4,1,2,8,7,5,6,12,11 2,1,12,11,10,9,4,3,6,5,8,7 11,12,1,2,3,4,5,6,7,8,9,10 ; [2^4]F_36:2_2
1152 ; 1,2,4,3,5,6,8,7,9,10,11,12 1,2,3,4,5,6,8,7,9,10,12,11 1,2,7,8,5,6,11,12,9,10,3,4 1,2,12,11,5,6,8,7,9,10,3,4 2,1,8,7,5,6,11,12,10,9,4,3 2,1,8,7,6,5,12,11,9,10,3,4 9,10,3,4,1,2,8,7,5,6,12,11 9,10,3,4,5,6,7,8,1,2,11,12 11,12,1,2,3,4,5,6,7,8,9,10 ; [S_4(6d)^2]2=S_4(6d)wr2
1152 ; 2,1,4,3,8,7,6,5,9,10,11,12 1,2,3,4,8,7,6,5,12,11,10,9 3,4,1,2,7,8,5,6,11,12,9,10 2,1,4,3,8,7,6,5,12,11,10,9 1,2,3,4,5,6,7,8,11,12,9,10 3,4,1,2,8,7,6,5,12,11,10,9 1,3,4,2,5,7,8,6,12,10,9,11 9,10,11,12,1,2,3,4,5,6,7,8 6,5,7,8,1,2,4,3,11,12,10,9 ; [1/9.A(4)^3]S(3)_2
1152 ; 2,1,4,3,8,7,6,5,9,10,11,12 1,2,3,4,8,7,6,5,12,11,10,9 3,4,1,2,7,8,5,6,11,12,9,10 2,1,4,3,8,7,6,5,12,11,10,9 1,2,3,4,5,6,7,8,11,12,9,10 3,4,1,2,8,7,6,5,12,11,10,9 1,3,4,2,5,7,8,6,12,10,9,11 2,1,3,4,8,7,5,6,10,12,9,11 5,8,6,7,11,9,10,12,1,2,3,4 ; [E(4)^3:3:2]3
1152 ; 2,1,4,3,8,7,6,5,9,10,11,12 1,2,3,4,8,7,6,5,12,11,10,9 3,4,1,2,7,8,5,6,11,12,9,10 2,1,4,3,8,7,6,5,12,11,10,9 1,2,3,4,5,6,7,8,11,12,9,10 3,4,1,2,8,7,6,5,12,11,10,9 1,3,4,2,5,7,8,6,12,10,9,11 9,10,11,12,1,2,3,4,5,6,7,8 5,6,7,8,1,2,3,4,9,10,11,12 ; [1/9.A(4)^3]S(3)
1152 ; 2,1,4,3,8,7,6,5,9,10,11,12 1,2,3,4,8,7,6,5,12,11,10,9 3,4,1,2,7,8,5,6,11,12,9,10 2,1,4,3,8,7,6,5,12,11,10,9 1,2,3,4,5,6,7,8,11,12,9,10 3,4,1,2,8,7,6,5,12,11,10,9 1,3,4,2,5,7,8,6,12,10,9,11 9,11,12,10,1,2,3,4,5,6,7,8 6,5,7,8,4,3,1,2,10,12,9,11 ; [1/9.A(4)^3]S(3)_6
1152 ; 2,1,4,3,6,5,8,7,10,9,12,11 1,2,4,3,5,6,7,8,10,9,12,11 1,2,3,4,6,5,8,7,10,9,12,11 1,2,3,4,5,6,8,7,9,10,12,11 2,1,3,4,5,6,7,8,9,10,11,12 1,2,4,3,6,5,8,7,10,9,11,12 1,2,3,4,11,12,5,6,9,10,7,8 3,4,10,9,11,12,6,5,1,2,8,7 5,6,11,12,3,4,1,2,7,8,9,10 ; [2A_4^2]2=2A4wr2=2wrF_18(6)
1296 ; 3,1,2,6,4,5,8,9,7,12,10,11 3,1,2,6,4,5,9,7,8,11,12,10 1,2,3,4,5,6,11,12,10,9,7,8 3,1,2,4,5,6,9,7,8,12,10,11 4,6,5,1,3,2,12,10,11,8,9,7 3,1,2,4,5,6,7,8,9,10,11,12 4,5,6,3,1,2,11,10,12,9,8,7 11,10,12,8,9,7,4,6,5,3,1,2 ; 1/2[3^4:2^2]cD(4)
1296 ; 3,1,2,6,4,5,8,9,7,12,10,11 3,1,2,6,4,5,9,7,8,11,12,10 3,1,2,4,5,6,9,7,8,12,10,11 4,6,5,1,3,2,12,10,11,8,9,7 11,12,10,8,7,9,4,6,5,2,3,1 3,1,2,4,5,6,7,8,9,10,11,12 11,10,12,9,7,8,5,6,4,1,3,2 5,4,6,3,1,2,11,12,10,7,9,8 ; [3^4:2^2]E(4)
1296 ; 3,1,2,6,4,5,8,9,7,12,10,11 3,1,2,6,4,5,9,7,8,11,12,10 3,1,2,4,5,6,9,7,8,12,10,11 4,6,5,1,3,2,12,10,11,8,9,7 10,11,12,8,7,9,2,3,1,6,5,4 3,1,2,4,5,6,7,8,9,10,11,12 11,10,12,9,7,8,2,1,3,5,6,4 10,11,12,9,8,7,2,1,3,6,4,5 ; [3^4:2^2]4
1296 ; 3,1,2,6,4,5,8,9,7,12,10,11 3,1,2,6,4,5,9,7,8,11,12,10 3,1,2,4,5,6,9,7,8,12,10,11 3,1,2,4,5,6,7,8,9,10,11,12 2,1,3,5,4,6,9,8,7,11,10,12 1,2,3,11,12,10,7,9,8,6,4,5 8,7,9,12,10,11,2,3,1,4,6,5 5,4,6,7,8,9,10,11,12,1,2,3 ; [3^4:2]D(4)_8
1296 ; 3,1,2,6,4,5,8,9,7,12,10,11 3,1,2,6,4,5,9,7,8,11,12,10 3,1,2,4,5,6,9,7,8,12,10,11 2,1,3,5,4,6,9,8,7,11,10,12 12,11,10,9,7,8,5,6,4,1,3,2 8,7,9,11,12,10,1,3,2,6,4,5 9,8,7,3,1,2,5,6,4,10,12,11 10,11,12,4,5,6,7,8,9,1,2,3 ; [3^3:2]S(4)
1296 ; 3,1,2,6,4,5,8,9,7,12,10,11 3,1,2,6,4,5,9,7,8,11,12,10 3,1,2,4,5,6,9,7,8,12,10,11 4,6,5,1,3,2,12,10,11,8,9,7 3,1,2,4,5,6,7,8,9,10,11,12 4,5,6,3,1,2,11,10,12,9,8,7 8,7,9,10,12,11,3,1,2,5,6,4 5,4,6,3,1,2,11,12,10,7,9,8 ; [1/2.F_36^2]2
1296 ; 3,1,2,6,4,5,8,9,7,12,10,11 3,1,2,6,4,5,9,7,8,11,12,10 3,1,2,4,5,6,9,7,8,12,10,11 3,1,2,4,5,6,7,8,9,10,11,12 2,1,3,5,4,6,9,8,7,11,10,12 1,2,3,5,4,6,9,7,8,12,11,10 8,7,9,12,10,11,2,3,1,4,6,5 11,10,12,1,2,3,4,5,6,7,8,9 ; 1/2[F_36^2]2
1296 ; 3,1,2,6,4,5,8,9,7,12,10,11 3,1,2,6,4,5,9,7,8,11,12,10 3,1,2,4,5,6,9,7,8,12,10,11 4,6,5,1,3,2,12,10,11,8,9,7 3,1,2,4,5,6,7,8,9,10,11,12 4,5,6,3,1,2,11,10,12,9,8,7 8,7,9,10,12,11,3,1,2,5,6,4 11,10,12,1,2,3,4,5,6,7,8,9 ; [3^4:2]D(4)_4
1296 ; 3,1,2,6,4,5,8,9,7,12,10,11 3,1,2,6,4,5,9,7,8,11,12,10 1,2,3,4,5,6,11,12,10,9,7,8 3,1,2,4,5,6,9,7,8,12,10,11 4,6,5,1,3,2,12,10,11,8,9,7 10,11,12,8,7,9,2,3,1,6,5,4 3,1,2,4,5,6,7,8,9,10,11,12 11,10,12,9,7,8,5,6,4,1,3,2 ; [3^4:2]D(4)
1320 ; 2,3,4,5,6,7,8,9,10,11,1,12 12,11,6,8,9,3,10,4,5,7,2,1 1,5,9,2,6,10,3,7,11,4,8,12 1,3,5,7,9,11,2,4,6,8,10,12 ; PGL(2,11)
1440 ; 1,2,5,6,3,4,7,8,11,12,9,10 3,4,1,2,8,7,12,11,5,6,9,10 2,1,4,3,12,11,8,7,10,9,6,5 3,4,1,2,5,6,7,8,9,10,11,12 ; S(6)[x]2
1440 ; 1,3,2,5,4,6,8,7,9,10,12,11 5,1,6,2,4,3,8,10,12,11,7,9 2,1,3,4,5,6,9,11,7,12,8,10 10,11,9,7,8,12,1,2,3,4,5,6 ; M_10.2(12)=A_6.E_4(12)=[S_6[1/720]{M_10}S_6]2
1536 ; 2,1,4,3,6,5,8,7,10,9,12,11 1,2,3,4,6,5,8,7,10,9,12,11 4,3,1,2,7,8,5,6,9,10,12,11 4,3,1,2,8,7,5,6,11,12,10,9 3,4,2,1,5,6,7,8,10,9,12,11 4,3,1,2,5,6,7,8,9,10,11,12 2,1,4,3,7,8,5,6,12,11,10,9 1,2,4,3,8,7,6,5,10,9,12,11 6,5,7,8,9,10,11,12,3,4,1,2 6,5,8,7,2,1,4,3,10,9,12,11 ; [1/2.cD(4)^3]S(3)
1536 ; 2,1,4,3,6,5,8,7,10,9,12,11 1,2,4,3,5,6,7,8,10,9,12,11 1,2,3,4,6,5,8,7,10,9,12,11 3,4,1,2,5,6,8,7,9,10,12,11 1,2,4,3,6,5,8,7,10,9,11,12 4,3,1,2,5,6,7,8,9,10,11,12 2,1,4,3,5,6,10,9,8,7,11,12 2,1,4,3,12,11,8,7,10,9,6,5 2,1,3,4,5,6,7,8,9,10,11,12 5,6,12,11,8,7,2,1,4,3,10,9 ; [D(4)^3]3=D(4)wr3
1536 ; 2,1,4,3,6,5,8,7,10,9,12,11 1,2,3,4,6,5,8,7,10,9,12,11 4,3,1,2,7,8,5,6,9,10,12,11 3,4,1,2,8,7,5,6,11,12,10,9 4,3,2,1,5,6,7,8,10,9,12,11 3,4,1,2,5,6,7,8,9,10,11,12 2,1,4,3,7,8,5,6,12,11,10,9 2,1,4,3,8,7,6,5,10,9,12,11 5,6,7,8,9,10,11,12,3,4,1,2 5,6,8,7,2,1,4,3,10,9,12,11 ; 1/2e[D(4)^3]S(3)
1536 ; 2,1,4,3,6,5,8,7,10,9,12,11 1,2,4,3,5,6,7,8,10,9,12,11 1,2,3,4,6,5,8,7,10,9,12,11 1,2,3,4,5,6,8,7,9,10,12,11 1,2,4,3,9,10,12,11,5,6,8,7 1,2,4,3,6,5,8,7,10,9,11,12 4,3,2,1,6,5,12,11,10,9,8,7 2,1,3,4,5,6,7,8,9,10,11,12 9,10,6,5,12,11,2,1,8,7,4,3 5,6,9,10,3,4,7,8,1,2,11,12 ; [2^6]S_4(6c)=2wrS_4(6c)
1536 ; 2,1,4,3,6,5,8,7,10,9,12,11 1,2,3,4,6,5,8,7,10,9,12,11 4,3,1,2,7,8,5,6,9,10,12,11 4,3,1,2,8,7,5,6,11,12,10,9 3,4,2,1,5,6,7,8,10,9,12,11 4,3,1,2,5,6,7,8,9,10,11,12 2,1,4,3,7,8,5,6,12,11,10,9 1,2,4,3,8,7,6,5,10,9,12,11 6,5,7,8,9,10,11,12,3,4,1,2 5,6,8,7,2,1,4,3,10,9,12,11 ; 1/2c[D(4)^3]S(3)
1536 ; 2,1,4,3,6,5,8,7,10,9,12,11 1,2,3,4,6,5,8,7,10,9,12,11 4,3,1,2,7,8,5,6,9,10,12,11 3,4,1,2,8,7,5,6,11,12,10,9 4,3,2,1,5,6,7,8,10,9,12,11 3,4,1,2,5,6,7,8,9,10,11,12 2,1,4,3,7,8,5,6,12,11,10,9 2,1,4,3,8,7,6,5,10,9,12,11 5,6,7,8,9,10,11,12,3,4,1,2 6,5,8,7,2,1,4,3,10,9,12,11 ; [2^5]2S_4(6)
1536 ; 2,1,4,3,6,5,8,7,10,9,12,11 1,2,4,3,5,6,7,8,10,9,12,11 1,2,3,4,6,5,8,7,10,9,12,11 1,2,3,4,5,6,8,7,9,10,12,11 1,2,4,3,9,10,12,11,5,6,8,7 1,2,4,3,6,5,8,7,10,9,11,12 4,3,2,1,6,5,12,11,10,9,8,7 2,1,3,4,5,6,7,8,9,10,11,12 9,10,6,5,12,11,2,1,8,7,4,3 11,12,8,7,6,5,4,3,10,9,2,1 ; [2^6]S_4(6d)=2wrS_4(6d)
1728 ; 2,1,4,3,8,7,6,5,9,10,11,12 1,2,3,4,8,7,6,5,12,11,10,9 3,4,1,2,7,8,5,6,11,12,9,10 2,1,4,3,8,7,6,5,12,11,10,9 1,2,3,4,5,6,7,8,11,12,9,10 3,4,1,2,8,7,6,5,12,11,10,9 1,3,4,2,5,7,8,6,12,10,9,11 1,4,2,3,7,5,6,8,9,10,11,12 9,11,12,10,1,2,3,4,5,6,7,8 ; 1/3[A(4)^3]3
1728 ; 2,1,4,3,8,7,6,5,9,10,11,12 1,2,3,4,8,7,6,5,12,11,10,9 3,4,1,2,7,8,5,6,11,12,9,10 2,1,4,3,8,7,6,5,12,11,10,9 1,2,3,4,5,6,7,8,11,12,9,10 3,4,1,2,8,7,6,5,12,11,10,9 1,3,4,2,5,7,8,6,12,10,9,11 1,4,2,3,7,5,6,8,9,10,11,12 9,10,11,12,1,2,3,4,5,6,7,8 ; [1/3.A(4)^3]3
1920 ; 7,8,2,1,9,10,4,3,11,12,5,6 2,1,3,4,5,6,8,7,9,10,11,12 2,1,4,3,5,6,7,8,9,10,11,12 9,10,2,1,11,12,6,5,4,3,8,7 ; [2^5]L(6)
1944 ; 3,1,2,6,4,5,8,9,7,12,10,11 3,1,2,6,4,5,9,7,8,11,12,10 3,1,2,4,5,6,9,7,8,12,10,11 4,6,5,1,3,2,12,10,11,8,9,7 11,12,10,8,7,9,4,6,5,2,3,1 4,6,5,7,9,8,3,1,2,11,12,10 10,11,12,4,5,6,7,8,9,1,2,3 3,1,2,4,5,6,7,8,9,10,11,12 ; [3^4]S(4)=3wrS(4)
1944 ; 3,1,2,6,4,5,8,9,7,12,10,11 3,1,2,6,4,5,9,7,8,11,12,10 3,1,2,4,5,6,9,7,8,12,10,11 3,1,2,4,5,6,7,8,9,10,11,12 2,1,3,5,4,6,9,8,7,11,10,12 5,4,6,3,1,2,11,12,10,7,9,8 11,10,12,8,9,7,4,6,5,3,1,2 1,2,3,7,8,9,10,11,12,4,5,6 ; [3^4:2]A(4)_4
1944 ; 3,1,2,6,4,5,8,9,7,12,10,11 3,1,2,6,4,5,9,7,8,11,12,10 3,1,2,4,5,6,9,7,8,12,10,11 4,6,5,1,3,2,12,10,11,8,9,7 11,12,10,8,7,9,4,6,5,2,3,1 4,6,5,7,9,8,3,1,2,11,12,10 3,1,2,4,5,6,7,8,9,10,11,12 2,1,3,11,12,10,7,9,8,6,4,5 ; 1/2[3^4:2]S(4)
1944 ; 3,1,2,6,4,5,8,9,7,12,10,11 3,1,2,6,4,5,9,7,8,11,12,10 3,1,2,4,5,6,9,7,8,12,10,11 4,6,5,1,3,2,12,10,11,8,9,7 11,12,10,8,7,9,4,6,5,2,3,1 4,6,5,7,9,8,3,1,2,11,12,10 3,1,2,4,5,6,7,8,9,10,11,12 11,10,12,9,7,8,5,6,4,1,3,2 ; [3^4:2]A(4)
2304 ; 2,1,4,3,6,5,8,7,10,9,12,11 1,2,3,4,6,5,8,7,10,9,12,11 1,2,4,3,6,5,8,7,10,9,11,12 12,11,2,1,6,5,8,7,10,9,4,3 4,3,12,11,5,6,8,7,9,10,2,1 2,1,4,3,5,6,7,8,10,9,12,11 12,11,2,1,10,9,6,5,8,7,4,3 1,2,11,12,5,6,9,10,7,8,3,4 7,8,10,9,4,3,2,1,12,11,6,5 4,3,1,2,5,6,7,8,9,10,11,12 ; [2^5]F_36:2_2{S_3^2,t}
2304 ; 2,1,4,3,6,5,8,7,10,9,12,11 1,2,3,4,6,5,8,7,10,9,12,11 1,2,4,3,6,5,8,7,10,9,11,12 12,11,2,1,6,5,8,7,10,9,4,3 4,3,12,11,5,6,8,7,9,10,2,1 2,1,4,3,5,6,7,8,10,9,12,11 12,11,2,1,10,9,6,5,8,7,4,3 1,2,11,12,5,6,9,10,7,8,3,4 8,7,10,9,4,3,2,1,12,11,6,5 3,4,1,2,5,6,7,8,9,10,11,12 ; [2^5]F_36(6):2
2304 ; 2,1,4,3,6,5,8,7,10,9,12,11 1,2,3,4,6,5,8,7,10,9,12,11 1,2,4,3,6,5,8,7,10,9,11,12 12,11,2,1,6,5,8,7,10,9,4,3 4,3,12,11,5,6,8,7,9,10,2,1 2,1,4,3,5,6,7,8,10,9,12,11 12,11,2,1,10,9,6,5,8,7,4,3 1,2,11,12,5,6,9,10,7,8,3,4 7,8,10,9,4,3,2,1,12,11,6,5 3,4,1,2,5,6,7,8,9,10,11,12 ; [2^5]F_36:2_2{S_3^2,i}
2304 ; 2,1,4,3,6,5,8,7,10,9,12,11 1,2,3,4,6,5,8,7,10,9,12,11 1,2,4,3,6,5,8,7,10,9,11,12 12,11,2,1,6,5,8,7,10,9,4,3 4,3,12,11,5,6,8,7,9,10,2,1 2,1,4,3,5,6,7,8,10,9,12,11 12,11,2,1,10,9,6,5,8,7,4,3 1,2,11,12,5,6,9,10,7,8,3,4 8,7,10,9,4,3,2,1,12,11,6,5 4,3,1,2,5,6,7,8,9,10,11,12 ; [2^5]F_36:2_2{3^2:4}
2304 ; 2,1,4,3,8,7,6,5,9,10,11,12 1,2,3,4,8,7,6,5,12,11,10,9 3,4,1,2,7,8,5,6,11,12,9,10 2,1,4,3,8,7,6,5,12,11,10,9 1,2,3,4,5,6,7,8,11,12,9,10 3,4,1,2,8,7,6,5,12,11,10,9 1,3,4,2,5,7,8,6,12,10,9,11 2,1,3,4,8,7,5,6,10,12,9,11 5,8,6,7,11,9,10,12,1,2,3,4 5,6,7,8,1,2,3,4,9,10,11,12 ; [E(4)^3:3:2]3
2304 ; 2,1,4,3,6,5,8,7,10,9,12,11 1,2,4,3,5,6,7,8,10,9,12,11 1,2,3,4,6,5,8,7,10,9,12,11 1,2,3,4,5,6,8,7,9,10,12,11 2,1,3,4,5,6,7,8,9,10,11,12 1,2,4,3,6,5,8,7,10,9,11,12 1,2,3,4,11,12,5,6,9,10,7,8 3,4,10,9,11,12,6,5,1,2,8,7 3,4,2,1,12,11,8,7,10,9,6,5 5,6,11,12,3,4,1,2,7,8,9,10 ; [2^6]F_18:2=2wrF_18(6):2
2304 ; 2,1,4,3,6,5,8,7,10,9,12,11 1,2,4,3,5,6,7,8,10,9,12,11 1,2,3,4,6,5,8,7,10,9,12,11 1,2,3,4,5,6,8,7,9,10,12,11 2,1,3,4,5,6,7,8,9,10,11,12 1,2,4,3,6,5,8,7,10,9,11,12 1,2,3,4,11,12,5,6,9,10,7,8 3,4,10,9,11,12,6,5,1,2,8,7 3,4,2,1,12,11,8,7,10,9,6,5 11,12,5,6,10,9,4,3,7,8,1,2 ; [2^6]F_36=2wrF_36(6)
2592 ; 3,1,2,6,4,5,8,9,7,12,10,11 3,1,2,6,4,5,9,7,8,11,12,10 3,1,2,4,5,6,9,7,8,12,10,11 4,6,5,1,3,2,12,10,11,8,9,7 11,12,10,8,7,9,4,6,5,2,3,1 3,1,2,4,5,6,7,8,9,10,11,12 11,10,12,9,7,8,5,6,4,1,3,2 5,4,6,3,1,2,11,12,10,7,9,8 11,10,12,8,9,7,4,6,5,3,1,2 ; [3^4:2^3]E(4)
2592 ; 3,1,2,6,4,5,8,9,7,12,10,11 3,1,2,6,4,5,9,7,8,11,12,10 3,1,2,4,5,6,9,7,8,12,10,11 4,6,5,1,3,2,12,10,11,8,9,7 3,1,2,4,5,6,7,8,9,10,11,12 4,5,6,3,1,2,11,10,12,9,8,7 8,7,9,10,12,11,3,1,2,5,6,4 5,4,6,3,1,2,11,12,10,7,9,8 11,10,12,1,2,3,4,5,6,7,8,9 ; [3^4:2^2]D(4)_4
2592 ; 3,1,2,6,4,5,8,9,7,12,10,11 3,1,2,6,4,5,9,7,8,11,12,10 3,1,2,4,5,6,9,7,8,12,10,11 4,6,5,1,3,2,12,10,11,8,9,7 3,1,2,4,5,6,7,8,9,10,11,12 4,5,6,3,1,2,11,10,12,9,8,7 4,5,6,1,2,3,12,10,11,7,8,9 5,4,6,3,1,2,11,12,10,7,9,8 8,7,9,10,11,12,4,5,6,1,2,3 ; 1/2[S(3)^4]4
2592 ; 3,1,2,6,4,5,8,9,7,12,10,11 3,1,2,6,4,5,9,7,8,11,12,10 3,1,2,4,5,6,9,7,8,12,10,11 4,6,5,1,3,2,12,10,11,8,9,7 10,11,12,8,7,9,2,3,1,6,5,4 3,1,2,4,5,6,7,8,9,10,11,12 11,10,12,9,7,8,2,1,3,5,6,4 10,11,12,9,8,7,2,1,3,6,4,5 7,8,9,10,11,12,4,5,6,1,2,3 ; [3^4:2^3]4
2592 ; 3,1,2,6,4,5,8,9,7,12,10,11 3,1,2,6,4,5,9,7,8,11,12,10 3,1,2,4,5,6,9,7,8,12,10,11 4,6,5,1,3,2,12,10,11,8,9,7 3,1,2,4,5,6,7,8,9,10,11,12 4,5,6,3,1,2,11,10,12,9,8,7 4,5,6,1,2,3,12,10,11,7,8,9 5,4,6,3,1,2,11,12,10,7,9,8 10,11,12,9,7,8,5,6,4,1,3,2 ; 1/2[S(3)^4]E(4)
2592 ; 3,1,2,6,4,5,8,9,7,12,10,11 3,1,2,6,4,5,9,7,8,11,12,10 3,1,2,4,5,6,9,7,8,12,10,11 4,6,5,1,3,2,12,10,11,8,9,7 11,12,10,8,7,9,4,6,5,2,3,1 3,1,2,4,5,6,7,8,9,10,11,12 11,10,12,9,7,8,5,6,4,1,3,2 5,4,6,3,1,2,11,12,10,7,9,8 10,11,12,1,2,3,4,5,6,7,8,9 ; [3^4:2^2]D(4)_2
2592 ; 3,1,2,6,4,5,8,9,7,12,10,11 3,1,2,6,4,5,9,7,8,11,12,10 1,2,3,4,5,6,11,12,10,9,7,8 3,1,2,4,5,6,9,7,8,12,10,11 4,6,5,1,3,2,12,10,11,8,9,7 10,11,12,8,7,9,2,3,1,6,5,4 3,1,2,4,5,6,7,8,9,10,11,12 11,10,12,9,7,8,5,6,4,1,3,2 4,5,6,1,2,3,7,8,9,10,11,12 ; [3^4:2^2]D(4)
2592 ; 3,1,2,6,4,5,8,9,7,12,10,11 3,1,2,6,4,5,9,7,8,11,12,10 3,1,2,4,5,6,9,7,8,12,10,11 4,6,5,1,3,2,12,10,11,8,9,7 3,1,2,4,5,6,7,8,9,10,11,12 4,5,6,3,1,2,11,10,12,9,8,7 8,7,9,10,12,11,3,1,2,5,6,4 5,4,6,3,1,2,11,12,10,7,9,8 5,4,6,7,8,9,10,11,12,1,2,3 ; [F_36^2]2=F_36wr2
3072 ; 2,1,4,3,6,5,8,7,10,9,12,11 1,2,4,3,5,6,7,8,10,9,12,11 1,2,3,4,6,5,8,7,10,9,12,11 3,4,1,2,5,6,8,7,9,10,12,11 1,2,4,3,6,5,8,7,10,9,11,12 4,3,1,2,5,6,7,8,9,10,11,12 2,1,4,3,5,6,10,9,8,7,11,12 2,1,4,3,12,11,8,7,10,9,6,5 2,1,3,4,5,6,7,8,9,10,11,12 5,6,12,11,8,7,2,1,4,3,10,9 9,10,7,8,5,6,1,2,3,4,11,12 ; [D(4)^3]S(3)=D(4)wrS(3)
3456 ; 2,1,4,3,8,7,6,5,9,10,11,12 1,2,3,4,8,7,6,5,12,11,10,9 3,4,1,2,7,8,5,6,11,12,9,10 2,1,4,3,8,7,6,5,12,11,10,9 1,2,3,4,5,6,7,8,11,12,9,10 3,4,1,2,8,7,6,5,12,11,10,9 1,3,4,2,5,7,8,6,12,10,9,11 1,4,2,3,7,5,6,8,9,10,11,12 9,10,11,12,1,2,3,4,5,6,7,8 6,5,7,8,4,3,1,2,10,12,9,11 ; [1/3.A(4)^3]S(3)_2
3456 ; 2,1,4,3,8,7,6,5,9,10,11,12 1,2,3,4,8,7,6,5,12,11,10,9 3,4,1,2,7,8,5,6,11,12,9,10 2,1,4,3,8,7,6,5,12,11,10,9 1,2,3,4,5,6,7,8,11,12,9,10 3,4,1,2,8,7,6,5,12,11,10,9 1,3,4,2,5,7,8,6,12,10,9,11 1,4,2,3,7,5,6,8,9,10,11,12 9,10,11,12,1,2,3,4,5,6,7,8 5,6,7,8,1,2,3,4,9,10,11,12 ; [1/3.A(4)^3]S(3)
3456 ; 2,1,4,3,8,7,6,5,9,10,11,12 1,2,3,4,8,7,6,5,12,11,10,9 3,4,1,2,7,8,5,6,11,12,9,10 2,1,4,3,8,7,6,5,12,11,10,9 1,2,3,4,5,6,7,8,11,12,9,10 3,4,1,2,8,7,6,5,12,11,10,9 1,3,4,2,5,7,8,6,12,10,9,11 1,4,2,3,7,5,6,8,9,10,11,12 2,1,3,4,8,7,5,6,10,12,9,11 9,10,11,12,1,2,3,4,5,6,7,8 ; [E(4)^3:3^2:2]3
3456 ; 2,1,4,3,8,7,6,5,9,10,11,12 1,2,3,4,8,7,6,5,12,11,10,9 3,4,1,2,7,8,5,6,11,12,9,10 2,1,4,3,8,7,6,5,12,11,10,9 1,2,3,4,5,6,7,8,11,12,9,10 3,4,1,2,8,7,6,5,12,11,10,9 1,3,4,2,5,7,8,6,12,10,9,11 1,4,2,3,7,5,6,8,9,10,11,12 9,11,12,10,1,2,3,4,5,6,7,8 6,5,7,8,4,3,1,2,10,12,9,11 ; [1/3.A(4)^3]S(3)_6
3840 ; 7,8,2,1,9,10,4,3,11,12,5,6 2,1,3,4,5,6,8,7,9,10,11,12 2,1,4,3,5,6,7,8,9,10,11,12 9,10,2,1,11,12,6,5,4,3,8,7 2,1,3,4,5,6,7,8,9,10,11,12 ; [2^6]L(6)=2wrL(6)
3840 ; 7,8,2,1,9,10,4,3,11,12,5,6 2,1,3,4,5,6,8,7,9,10,11,12 2,1,4,3,5,6,7,8,9,10,11,12 9,10,2,1,11,12,6,5,4,3,8,7 4,3,11,12,9,10,1,2,7,8,5,6 ; 1/2[2^6]L(6):2
3840 ; 7,8,2,1,9,10,4,3,11,12,5,6 2,1,3,4,5,6,8,7,9,10,11,12 2,1,4,3,5,6,7,8,9,10,11,12 9,10,2,1,11,12,6,5,4,3,8,7 3,4,11,12,9,10,1,2,7,8,5,6 ; [2^5]L(6):2
3888 ; 3,1,2,6,4,5,8,9,7,12,10,11 3,1,2,6,4,5,9,7,8,11,12,10 3,1,2,4,5,6,9,7,8,12,10,11 4,6,5,1,3,2,12,10,11,8,9,7 11,12,10,8,7,9,4,6,5,2,3,1 4,6,5,7,9,8,3,1,2,11,12,10 10,11,12,4,5,6,7,8,9,1,2,3 3,1,2,4,5,6,7,8,9,10,11,12 11,10,12,9,7,8,5,6,4,1,3,2 ; [3^4:2]S(4)
3888 ; 3,1,2,6,4,5,8,9,7,12,10,11 3,1,2,6,4,5,9,7,8,11,12,10 3,1,2,4,5,6,9,7,8,12,10,11 3,1,2,4,5,6,7,8,9,10,11,12 2,1,3,5,4,6,9,8,7,11,10,12 5,4,6,3,1,2,11,12,10,7,9,8 11,10,12,8,9,7,4,6,5,3,1,2 1,2,3,7,8,9,10,11,12,4,5,6 5,4,6,2,1,3,9,7,8,12,11,10 ; [3^4:2]S(4)_8
4608 ; 2,1,4,3,6,5,8,7,10,9,12,11 1,2,4,3,5,6,7,8,10,9,12,11 1,2,3,4,6,5,8,7,10,9,12,11 1,2,3,4,5,6,8,7,9,10,12,11 2,1,3,4,5,6,7,8,9,10,11,12 1,2,4,3,6,5,8,7,10,9,11,12 1,2,3,4,11,12,5,6,9,10,7,8 3,4,10,9,11,12,6,5,1,2,8,7 3,4,2,1,12,11,8,7,10,9,6,5 11,12,5,6,10,9,4,3,7,8,1,2 3,4,1,2,5,6,7,8,9,10,11,12 ; [2S_4^2]2=2S_4wr2
5184 ; 3,1,2,6,4,5,8,9,7,12,10,11 3,1,2,6,4,5,9,7,8,11,12,10 3,1,2,4,5,6,9,7,8,12,10,11 4,6,5,1,3,2,12,10,11,8,9,7 11,12,10,8,7,9,4,6,5,2,3,1 3,1,2,4,5,6,7,8,9,10,11,12 11,10,12,9,7,8,5,6,4,1,3,2 5,4,6,3,1,2,11,12,10,7,9,8 11,10,12,8,9,7,4,6,5,3,1,2 2,1,3,4,5,6,7,8,9,10,11,12 ; [S(3)^4]E(4)=S(3)wrE(4)
5184 ; 3,1,2,6,4,5,8,9,7,12,10,11 3,1,2,6,4,5,9,7,8,11,12,10 1,2,3,4,5,6,11,12,10,9,7,8 3,1,2,4,5,6,9,7,8,12,10,11 4,6,5,1,3,2,12,10,11,8,9,7 3,1,2,4,5,6,7,8,9,10,11,12 4,5,6,3,1,2,11,10,12,9,8,7 4,5,6,1,2,3,7,8,9,10,11,12 2,1,3,6,4,5,11,12,10,7,9,8 8,7,9,10,11,12,4,5,6,1,2,3 ; 1/2[S(3)^4]dD(4)
5184 ; 3,1,2,6,4,5,8,9,7,12,10,11 3,1,2,6,4,5,9,7,8,11,12,10 3,1,2,4,5,6,9,7,8,12,10,11 4,6,5,1,3,2,12,10,11,8,9,7 10,11,12,8,7,9,2,3,1,6,5,4 3,1,2,4,5,6,7,8,9,10,11,12 11,10,12,9,7,8,2,1,3,5,6,4 10,11,12,9,8,7,2,1,3,6,4,5 7,8,9,10,11,12,4,5,6,1,2,3 5,4,6,1,2,3,7,8,9,10,11,12 ; 1/2[S(3)^4]cD(4)
5184 ; 3,1,2,6,4,5,8,9,7,12,10,11 3,1,2,6,4,5,9,7,8,11,12,10 3,1,2,4,5,6,9,7,8,12,10,11 4,6,5,1,3,2,12,10,11,8,9,7 10,11,12,8,7,9,2,3,1,6,5,4 3,1,2,4,5,6,7,8,9,10,11,12 11,10,12,9,7,8,2,1,3,5,6,4 10,11,12,9,8,7,2,1,3,6,4,5 7,8,9,10,11,12,4,5,6,1,2,3 2,1,3,4,5,6,7,8,9,10,11,12 ; [S(3)^4]4=S(3)wr4
5184 ; 2,1,4,3,8,7,6,5,9,10,11,12 1,2,3,4,8,7,6,5,12,11,10,9 3,4,1,2,7,8,5,6,11,12,9,10 2,1,4,3,8,7,6,5,12,11,10,9 1,2,3,4,5,6,7,8,11,12,9,10 3,4,1,2,8,7,6,5,12,11,10,9 1,3,4,2,5,7,8,6,12,10,9,11 1,4,2,3,7,5,6,8,9,10,11,12 9,11,12,10,1,2,3,4,5,6,7,8 9,10,11,12,1,2,3,4,5,6,7,8 ; [A(4)^3]3=A(4)wr3
5184 ; 3,1,2,6,4,5,8,9,7,12,10,11 3,1,2,6,4,5,9,7,8,11,12,10 3,1,2,4,5,6,9,7,8,12,10,11 4,6,5,1,3,2,12,10,11,8,9,7 11,12,10,8,7,9,4,6,5,2,3,1 3,1,2,4,5,6,7,8,9,10,11,12 11,10,12,9,7,8,5,6,4,1,3,2 5,4,6,3,1,2,11,12,10,7,9,8 11,10,12,8,9,7,4,6,5,3,1,2 5,4,6,1,2,3,7,8,9,10,11,12 ; 1/2[S(3)^4]eD(4)
5184 ; 3,1,2,6,4,5,8,9,7,12,10,11 3,1,2,6,4,5,9,7,8,11,12,10 1,2,3,4,5,6,11,12,10,9,7,8 3,1,2,4,5,6,9,7,8,12,10,11 4,6,5,1,3,2,12,10,11,8,9,7 10,11,12,8,7,9,2,3,1,6,5,4 3,1,2,4,5,6,7,8,9,10,11,12 11,10,12,9,7,8,5,6,4,1,3,2 4,5,6,1,2,3,7,8,9,10,11,12 7,8,9,10,11,12,4,5,6,1,2,3 ; [3^4:2^3]D(4)
6912 ; 2,1,4,3,8,7,6,5,9,10,11,12 1,2,3,4,8,7,6,5,12,11,10,9 3,4,1,2,7,8,5,6,11,12,9,10 2,1,4,3,8,7,6,5,12,11,10,9 1,2,3,4,5,6,7,8,11,12,9,10 3,4,1,2,8,7,6,5,12,11,10,9 1,3,4,2,5,7,8,6,12,10,9,11 1,4,2,3,7,5,6,8,9,10,11,12 2,1,3,4,8,7,5,6,10,12,9,11 9,10,11,12,1,2,3,4,5,6,7,8 5,6,7,8,1,2,3,4,9,10,11,12 ; [E(4)^3:3^2:2]S(3)
7200 ; 4,5,3,1,2,6,10,11,9,7,8,12 5,2,1,6,4,3,9,11,12,8,10,7 7,8,9,10,11,12,1,2,3,4,5,6 ; [L(6)^2]2=L(6)wr2
7680 ; 7,8,2,1,9,10,4,3,11,12,5,6 2,1,3,4,5,6,8,7,9,10,11,12 2,1,4,3,5,6,7,8,9,10,11,12 9,10,2,1,11,12,6,5,4,3,8,7 4,3,11,12,9,10,1,2,7,8,5,6 2,1,3,4,5,6,7,8,9,10,11,12 ; [2^6]L(6):2=2wrL(6):2
7776 ; 3,1,2,6,4,5,8,9,7,12,10,11 3,1,2,6,4,5,9,7,8,11,12,10 3,1,2,4,5,6,9,7,8,12,10,11 4,6,5,1,3,2,12,10,11,8,9,7 11,12,10,8,7,9,4,6,5,2,3,1 3,1,2,4,5,6,7,8,9,10,11,12 11,10,12,9,7,8,5,6,4,1,3,2 5,4,6,3,1,2,11,12,10,7,9,8 11,10,12,8,9,7,4,6,5,3,1,2 1,2,3,7,8,9,10,11,12,4,5,6 ; [3^4:2^3]A(4)
7920 ; 2,4,6,7,5,9,3,11,8,12,10,1 3,5,1,8,2,10,4,12,11,9,6,7 ; M_11(12)
10368 ; 2,1,4,3,8,7,6,5,9,10,11,12 1,2,3,4,8,7,6,5,12,11,10,9 3,4,1,2,7,8,5,6,11,12,9,10 2,1,4,3,8,7,6,5,12,11,10,9 1,2,3,4,5,6,7,8,11,12,9,10 3,4,1,2,8,7,6,5,12,11,10,9 1,3,4,2,5,7,8,6,12,10,9,11 1,4,2,3,7,5,6,8,9,10,11,12 9,11,12,10,1,2,3,4,5,6,7,8 9,10,11,12,1,2,3,4,5,6,7,8 2,1,3,4,8,7,5,6,10,12,9,11 ; [1/4.S(4)^3]3
10368 ; 3,1,2,6,4,5,8,9,7,12,10,11 3,1,2,6,4,5,9,7,8,11,12,10 1,2,3,4,5,6,11,12,10,9,7,8 3,1,2,4,5,6,9,7,8,12,10,11 4,6,5,1,3,2,12,10,11,8,9,7 10,11,12,8,7,9,2,3,1,6,5,4 3,1,2,4,5,6,7,8,9,10,11,12 11,10,12,9,7,8,5,6,4,1,3,2 4,5,6,1,2,3,7,8,9,10,11,12 7,8,9,10,11,12,4,5,6,1,2,3 2,1,3,4,5,6,7,8,9,10,11,12 ; [S(3)^4]D(4)=S(3)wrD(4)
10368 ; 2,1,4,3,8,7,6,5,9,10,11,12 1,2,3,4,8,7,6,5,12,11,10,9 3,4,1,2,7,8,5,6,11,12,9,10 2,1,4,3,8,7,6,5,12,11,10,9 1,2,3,4,5,6,7,8,11,12,9,10 3,4,1,2,8,7,6,5,12,11,10,9 1,3,4,2,5,7,8,6,12,10,9,11 1,4,2,3,7,5,6,8,9,10,11,12 9,11,12,10,1,2,3,4,5,6,7,8 9,10,11,12,1,2,3,4,5,6,7,8 5,6,7,8,1,2,3,4,9,10,11,12 ; [A(4)^3]S(3)=A(4)wrS(3)
10368 ; 2,1,4,3,8,7,6,5,9,10,11,12 1,2,3,4,8,7,6,5,12,11,10,9 3,4,1,2,7,8,5,6,11,12,9,10 2,1,4,3,8,7,6,5,12,11,10,9 1,2,3,4,5,6,7,8,11,12,9,10 3,4,1,2,8,7,6,5,12,11,10,9 1,3,4,2,5,7,8,6,12,10,9,11 1,4,2,3,7,5,6,8,9,10,11,12 9,11,12,10,1,2,3,4,5,6,7,8 9,10,11,12,1,2,3,4,5,6,7,8 6,5,7,8,4,3,1,2,10,12,9,11 ; 1/2[1/4.S(4)^3]S(3)
11520 ; 8,7,4,3,10,9,2,1,6,5,12,11 5,6,7,8,12,11,2,1,9,10,3,4 ; [2^5]A(6)
14400 ; 4,2,6,1,5,3,11,8,10,9,7,12 1,5,2,3,6,4,9,10,11,12,7,8 6,2,1,3,5,4,9,7,12,10,11,8 9,8,11,7,10,12,1,2,3,4,5,6 ; 1/2[(L(6):2)^2]2
14400 ; 4,2,6,1,5,3,11,8,10,9,7,12 1,5,2,3,6,4,9,10,11,12,7,8 6,2,1,3,5,4,9,7,12,10,11,8 7,8,9,10,11,12,1,2,3,4,5,6 ; [1/2.(L(6):2)^2]2
15552 ; 3,1,2,6,4,5,8,9,7,12,10,11 3,1,2,6,4,5,9,7,8,11,12,10 3,1,2,4,5,6,9,7,8,12,10,11 4,6,5,1,3,2,12,10,11,8,9,7 11,12,10,8,7,9,4,6,5,2,3,1 3,1,2,4,5,6,7,8,9,10,11,12 11,10,12,9,7,8,5,6,4,1,3,2 5,4,6,3,1,2,11,12,10,7,9,8 11,10,12,8,9,7,4,6,5,3,1,2 1,2,3,7,8,9,10,11,12,4,5,6 2,1,3,4,5,6,7,8,9,10,11,12 ; [S(3)^4]A(4)=S(3)wrA(4)
15552 ; 3,1,2,6,4,5,8,9,7,12,10,11 3,1,2,6,4,5,9,7,8,11,12,10 3,1,2,4,5,6,9,7,8,12,10,11 4,6,5,1,3,2,12,10,11,8,9,7 11,12,10,8,7,9,4,6,5,2,3,1 3,1,2,4,5,6,7,8,9,10,11,12 11,10,12,9,7,8,5,6,4,1,3,2 5,4,6,3,1,2,11,12,10,7,9,8 11,10,12,8,9,7,4,6,5,3,1,2 1,2,3,7,8,9,10,11,12,4,5,6 4,5,6,1,2,3,7,8,9,10,11,12 ; [3^4:2^3]S(4)
15552 ; 3,1,2,6,4,5,8,9,7,12,10,11 3,1,2,6,4,5,9,7,8,11,12,10 3,1,2,4,5,6,9,7,8,12,10,11 4,6,5,1,3,2,12,10,11,8,9,7 11,12,10,8,7,9,4,6,5,2,3,1 3,1,2,4,5,6,7,8,9,10,11,12 11,10,12,9,7,8,5,6,4,1,3,2 5,4,6,3,1,2,11,12,10,7,9,8 11,10,12,8,9,7,4,6,5,3,1,2 1,2,3,7,8,9,10,11,12,4,5,6 5,4,6,1,2,3,7,8,9,10,11,12 ; 1/2[S(3)^4]S(4)
20736 ; 2,1,4,3,8,7,6,5,9,10,11,12 1,2,3,4,8,7,6,5,12,11,10,9 3,4,1,2,7,8,5,6,11,12,9,10 2,1,4,3,8,7,6,5,12,11,10,9 1,2,3,4,5,6,7,8,11,12,9,10 3,4,1,2,8,7,6,5,12,11,10,9 1,3,4,2,5,7,8,6,12,10,9,11 1,4,2,3,7,5,6,8,9,10,11,12 9,11,12,10,1,2,3,4,5,6,7,8 9,10,11,12,1,2,3,4,5,6,7,8 6,5,7,8,4,3,1,2,10,12,9,11 5,6,7,8,1,2,3,4,9,10,11,12 ; [1/4.S(4)^3]S(3)
20736 ; 2,1,4,3,8,7,6,5,9,10,11,12 1,2,3,4,8,7,6,5,12,11,10,9 3,4,1,2,7,8,5,6,11,12,9,10 2,1,4,3,8,7,6,5,12,11,10,9 1,2,3,4,5,6,7,8,11,12,9,10 3,4,1,2,8,7,6,5,12,11,10,9 1,3,4,2,5,7,8,6,12,10,9,11 1,4,2,3,7,5,6,8,9,10,11,12 1,3,4,2,5,6,7,8,9,10,11,12 1,2,4,3,6,7,5,8,9,12,11,10 1,2,3,4,8,7,5,6,10,12,9,11 9,10,11,12,1,2,3,4,5,6,7,8 ; [1/2.S(4)^3]3
23040 ; 8,7,4,3,10,9,2,1,6,5,12,11 5,6,7,8,12,11,2,1,9,10,3,4 3,4,1,2,5,6,7,8,9,10,11,12 ; [2^5]S(6)
23040 ; 8,7,4,3,10,9,2,1,6,5,12,11 5,6,7,8,12,11,2,1,9,10,3,4 2,1,3,4,5,6,7,8,9,10,11,12 ; [2^6]A(6)=2wrA(6)
23040 ; 8,7,4,3,10,9,2,1,6,5,12,11 5,6,7,8,12,11,2,1,9,10,3,4 4,3,1,2,5,6,7,8,9,10,11,12 ; 1/2[2^6]S(6)
28800 ; 4,2,6,1,5,3,11,8,10,9,7,12 1,5,2,3,6,4,9,10,11,12,7,8 6,2,1,3,5,4,9,7,12,10,11,8 9,8,11,7,10,12,1,2,3,4,5,6 7,8,9,10,11,12,1,2,3,4,5,6 ; [(L(6):2)^2]2=L(6):2wr2
31104 ; 3,1,2,6,4,5,8,9,7,12,10,11 3,1,2,6,4,5,9,7,8,11,12,10 3,1,2,4,5,6,9,7,8,12,10,11 4,6,5,1,3,2,12,10,11,8,9,7 11,12,10,8,7,9,4,6,5,2,3,1 3,1,2,4,5,6,7,8,9,10,11,12 11,10,12,9,7,8,5,6,4,1,3,2 5,4,6,3,1,2,11,12,10,7,9,8 11,10,12,8,9,7,4,6,5,3,1,2 1,2,3,7,8,9,10,11,12,4,5,6 5,4,6,1,2,3,7,8,9,10,11,12 2,1,3,4,5,6,7,8,9,10,11,12 ; [S(3)^4]S(4)=S(3)wrS(4)
41472 ; 2,1,4,3,8,7,6,5,9,10,11,12 1,2,3,4,8,7,6,5,12,11,10,9 3,4,1,2,7,8,5,6,11,12,9,10 2,1,4,3,8,7,6,5,12,11,10,9 1,2,3,4,5,6,7,8,11,12,9,10 3,4,1,2,8,7,6,5,12,11,10,9 1,3,4,2,5,7,8,6,12,10,9,11 1,4,2,3,7,5,6,8,9,10,11,12 1,3,4,2,5,6,7,8,9,10,11,12 1,2,4,3,6,7,5,8,9,12,11,10 1,2,3,4,8,7,5,6,10,12,9,11 9,10,11,12,1,2,3,4,5,6,7,8 5,6,7,8,1,2,3,4,9,10,11,12 ; [1/2.S(4)^3]S(3)
41472 ; 2,1,4,3,8,7,6,5,9,10,11,12 1,2,3,4,8,7,6,5,12,11,10,9 3,4,1,2,7,8,5,6,11,12,9,10 2,1,4,3,8,7,6,5,12,11,10,9 1,2,3,4,5,6,7,8,11,12,9,10 3,4,1,2,8,7,6,5,12,11,10,9 1,3,4,2,5,7,8,6,12,10,9,11 1,4,2,3,7,5,6,8,9,10,11,12 1,3,4,2,5,6,7,8,9,10,11,12 1,2,4,3,6,7,5,8,9,12,11,10 1,2,3,4,8,7,5,6,10,12,9,11 9,10,11,12,1,2,3,4,5,6,7,8 6,5,7,8,1,2,3,4,9,10,11,12 ; 1/2[S(4)^3]S(3)
41472 ; 2,1,4,3,8,7,6,5,9,10,11,12 1,2,3,4,8,7,6,5,12,11,10,9 3,4,1,2,7,8,5,6,11,12,9,10 2,1,4,3,8,7,6,5,12,11,10,9 1,2,3,4,5,6,7,8,11,12,9,10 3,4,1,2,8,7,6,5,12,11,10,9 1,3,4,2,5,7,8,6,12,10,9,11 1,4,2,3,7,5,6,8,9,10,11,12 1,3,4,2,5,6,7,8,9,10,11,12 2,1,3,4,8,7,5,6,10,12,9,11 2,1,3,4,5,6,7,8,9,10,11,12 1,2,4,3,6,7,5,8,9,12,11,10 9,10,11,12,1,2,3,4,5,6,7,8 ; [S(4)^3]3=S(4)wr3
46080 ; 8,7,4,3,10,9,2,1,6,5,12,11 5,6,7,8,12,11,2,1,9,10,3,4 4,3,1,2,5,6,7,8,9,10,11,12 2,1,3,4,5,6,7,8,9,10,11,12 ; [2^6]S(6)=2wrS(6)
82944 ; 2,1,4,3,8,7,6,5,9,10,11,12 1,2,3,4,8,7,6,5,12,11,10,9 3,4,1,2,7,8,5,6,11,12,9,10 2,1,4,3,8,7,6,5,12,11,10,9 1,2,3,4,5,6,7,8,11,12,9,10 3,4,1,2,8,7,6,5,12,11,10,9 1,3,4,2,5,7,8,6,12,10,9,11 1,4,2,3,7,5,6,8,9,10,11,12 1,3,4,2,5,6,7,8,9,10,11,12 2,1,3,4,8,7,5,6,10,12,9,11 2,1,3,4,5,6,7,8,9,10,11,12 1,2,4,3,6,7,5,8,9,12,11,10 9,10,11,12,1,2,3,4,5,6,7,8 5,6,7,8,1,2,3,4,9,10,11,12 ; [S(4)^3]S(3)=S(4)wrS(3)
95040 ; 2,3,4,5,6,7,8,9,10,11,1,12 1,2,7,10,6,4,11,3,9,5,8,12 12,11,6,8,9,3,10,4,5,7,2,1 ; M(12)
259200 ; 2,1,4,3,5,6,9,8,7,10,12,11 3,6,5,4,2,1,11,9,7,12,8,10 7,8,9,10,11,12,1,2,3,4,5,6 ; [A(6)^2]2=A(6)wr2
518400 ; 2,3,1,4,5,6,7,8,9,10,11,12 1,3,4,5,6,2,7,8,9,10,11,12 1,2,3,4,5,6,8,9,7,10,11,12 1,2,3,4,5,6,7,9,10,11,12,8 2,1,3,4,5,6,8,7,9,10,11,12 7,8,9,10,11,12,1,2,3,4,5,6 ; [1/2.S(6)^2]2
518400 ; 2,3,1,4,5,6,7,8,9,10,11,12 1,3,4,5,6,2,7,8,9,10,11,12 1,2,3,4,5,6,8,9,7,10,11,12 1,2,3,4,5,6,7,9,10,11,12,8 2,1,3,4,5,6,8,7,9,10,11,12 8,7,9,10,11,12,1,2,3,4,5,6 ; 1/2[S(6)^2]2
1036800 ; 1,3,2,5,4,6,7,8,9,10,11,12 5,1,6,2,4,3,7,8,9,10,11,12 2,1,3,4,5,6,7,8,9,10,11,12 1,2,3,4,5,6,7,9,8,11,10,12 1,2,3,4,5,6,11,7,12,8,10,9 1,2,3,4,5,6,8,7,9,10,11,12 7,8,9,10,11,12,1,2,3,4,5,6 ; [S(6)^2]2=S(6)wr2
239500800 ; 2,3,1,4,5,6,7,8,9,10,11,12 1,3,4,5,6,7,8,9,10,11,12,2 ; A12
479001600 ; 2,1,3,4,5,6,7,8,9,10,11,12 2,3,4,5,6,7,8,9,10,11,12,1 ; S12
