# The 8 transitive groups of degree 11 up to conjugacy, computed by sagebrush-group
# (src/transitive.rs, from scratch); per line: order ; generators as image lists of 1..11
11 ; 2,3,4,5,6,7,8,9,10,11,1
22 ; 2,3,4,5,6,7,8,9,10,11,1 1,11,10,9,8,7,6,5,4,3,2
55 ; 2,3,4,5,6,7,8,9,10,11,1 1,5,9,2,6,10,3,7,11,4,8
110 ; 2,3,4,5,6,7,8,9,10,11,1 1,3,5,7,9,11,2,4,6,8,10
660 ; 2,4,5,7,8,3,10,1,11,9,6 1,2,5,8,3,7,6,4,11,10,9 3,2,6,9,1,7,5,10,11,4,8
7920 ; 2,3,4,5,6,7,8,9,10,11,1 1,2,7,10,6,4,11,3,9,5,8
19958400 ; 2,3,1,4,5,6,7,8,9,10,11 2,3,4,5,6,7,8,9,10,11,1
39916800 ; 2,1,3,4,5,6,7,8,9,10,11 2,3,4,5,6,7,8,9,10,11,1
